0.0
0.0
0.0
1.05796
0.00641006
-0.0120541
2.06942
0.017028
0.00251823
3.08442
0.0226659
0.0509385
4.0061
0.0821132
0.039721
4.9795
0.122327
-1.56192
4.99954
-0.879408
-1.57318
4.9918
-1.8777
-1.54684
4.9938
-2.88183
-1.56282
5.00066
-3.83331
-1.54942
5.01413
-4.88382
3.11503
3.94742
-4.859
3.09751
2.90907
-4.82226
3.10109
1.98449
-4.7907
-3.13938
1.01851
-4.7782
3.11113
0.078843
-4.75387
-1.62384
0.0239687
-5.82234
-1.6243
-0.0232923
-6.79027
-1.67413
-0.130299
-7.77279
-1.69522
-0.252428
-8.8081
-1.74102
-0.441086
-9.85716
3.01607
-1.41383
-9.72209
3.0694
-2.37856
-9.63897
3.09611
-3.41316
-9.60189
-3.13088
-4.43023
-9.61245
-3.12872
-5.46743
-9.63269
1.59133
-5.47553
-8.62494
1.55172
-5.45513
-7.59468
1.61293
-5.49751
-6.53767
1.54363
-5.44368
-5.4841
1.56942
-5.45909
-4.42813
3.12494
-6.41483
-4.42809
3.08749
-7.35057
-4.37975
3.05941
-8.31729
-4.3058
3.02911
-9.2516
-4.21879
3.01884
-10.2701
-4.08274
1.41385
-10.1144
-3.14369
1.41735
-9.9436
-2.15848
1.43824
-9.83889
-1.32283
1.39688
-9.64744
-0.28341
1.3964
-9.48347
0.676392
2.96077
-10.4907
0.86422
2.92398
-11.3651
1.0537
2.93196
-12.3547
1.2791
2.98901
-13.3768
1.44283
2.94041
-14.3725
1.64667
1.39912
-14.2258
2.564
1.40884
-14.0738
3.53946
1.45016
-13.962
4.48559
1.42443
-13.7933
5.52604
1.46331
-13.6794
6.53096
3.08602
-14.7101
6.60555
3.11915
-15.7784
6.62396
3.07442
-16.748
6.70464
3.09649
-17.7342
6.7385
3.12659
-18.7015
6.75803
-1.56559
-18.6857
5.80209
-1.59618
-18.7268
4.76969
-1.65362
-18.8033
3.84877
-1.64701
-18.8733
2.83931
-1.67812
-18.9766
1.76757
2.99685
-19.9981
1.90259
2.91005
-21.0014
2.1345
2.91633
-21.9529
2.34315
2.87868
-22.9101
2.61443
2.90637
-23.8635
2.83624
-1.76085
-24.037
1.84652
-1.73585
-24.1989
0.832144
-1.73619
-24.3703
-0.242915
-1.67628
-24.4787
-1.20329
-1.64943
-24.5605
-2.28859
-0.0650622
-23.5863
-2.36378
-0.00549628
-22.5876
-2.36869
0.00048825
-21.6241
-2.37258
-0.0217772
-20.5598
-2.4012
-0.0310067
-19.629
-2.428
-1.64191
-19.6899
-3.30668
-1.62149
-19.7571
-4.33688
-1.64663
-19.8191
-5.34987
-1.61122
-19.8629
-6.41304
-1.58145
-19.8961
-7.44507
3.08943
-20.9491
-7.37804
3.10621
-21.8712
-7.34632
3.13812
-22.9437
-7.34058
-3.09667
-23.9277
-7.38
-3.0854
-24.8853
-7.44836
1.62132
-24.9339
-6.45473
1.63938
-25.0043
-5.46563
1.66267
-25.0866
-4.46223
1.56255
-25.0717
-3.53358
1.60793
-25.1111
-2.55486
0.000675951
-24.1254
-2.54357
0.0248975
-23.1554
-2.52455
-0.0038993
-22.2392
-2.53443
-0.0234346
-21.1136
-2.56792
-0.064982
-20.1721
-2.62295
-1.66161
-20.2484
-3.58071
-1.74753
-20.4281
-4.5238
-1.71539
-20.5908
-5.52721
-1.70958
-20.7383
-6.56659
-1.72559
-20.9047
-7.55246
3.03276
-21.8583
-7.44858
3.06887
-22.8955
-7.37136
3.06631
-23.9728
-7.30632
3.06238
-24.9237
-7.23194
3.07188
-25.8989
-7.15582
1.50944
-25.8539
-6.1095
1.49461
-25.7692
-5.10245
1.46044
-25.6534
-4.23471
1.4827
-25.561
-3.24347
1.47442
-25.4778
-2.3128
-0.100158
-24.5972
-2.38727
-0.0499219
-23.6389
-2.44057
-0.0394452
-22.6263
-2.48008
-0.055025
-21.4909
-2.51927
-0.024337
-20.464
-2.5476
-1.63131
-20.5367
-3.5426
-1.65864
-20.6216
-4.61575
-1.68796
-20.7341
-5.64628
-1.66967
-20.8275
-6.64573
-1.63188
-20.8911
-7.61978
3.1068
-21.9309
-7.57606
3.03429
-22.843
-7.484
3.00431
-23.8252
-7.34147
2.95177
-24.7561
-7.14443
2.96397
-25.6417
-6.98912
-1.80857
-25.8778
-7.94579
-1.79598
-26.106
-8.90041
-1.77722
-26.3066
-9.85901
-1.78906
-26.5237
-10.8585
-1.81402
-26.74
-11.8183
-0.227556
-25.7934
-12.0459
-0.233895
-24.9537
-12.2525
-0.209237
-24.0028
-12.473
-0.223863
-23.0748
-12.6735
-0.184266
-22.1397
-12.8541
1.3942
-21.9455
-11.8381
1.45231
-21.7905
-10.734
1.42912
-21.6586
-9.76901
1.43711
-21.5114
-8.79064
1.43608
-21.3804
-7.86906
-0.141465
-20.2959
-8.02744
-0.172322
-19.2809
-8.21378
-0.168121
-18.2669
-8.39233
-0.177684
-17.2421
-8.57159
-0.154846
-16.2608
-8.72984
1.37433
-16.0789
-7.7574
1.37929
-15.9089
-6.84503
1.35875
-15.686
-5.80775
1.37129
-15.4735
-4.77014
1.37829
-15.2813
-3.84537
2.92935
-16.2361
-3.63438
2.92089
-17.2194
-3.39697
2.92814
-18.1925
-3.18438
2.91212
-19.0776
-2.97044
2.86546
-20.1023
-2.68507
-1.81228
-20.3382
-3.68861
-1.80035
-20.5673
-4.70352
-1.71568
-20.7112
-5.71901
-1.66629
-20.8125
-6.73835
-1.593
-20.843
-7.77519
3.05772
-21.8912
-7.69676
3.08062
-22.8726
-7.62657
3.09675
-23.9047
-7.57714
-3.12482
-24.9013
-7.60087
-3.14087
-25.9107
-7.59858
1.55771
-25.8914
-6.53057
1.57167
-25.9019
-5.50653
1.63167
-25.9718
-4.42938
1.67683
-26.0728
-3.46353
1.66478
-26.1631
-2.48424
0.0585862
-25.1243
-2.42483
0.0483883
-24.1438
-2.37348
0.0324168
-23.2137
-2.35315
0.0658532
-22.2727
-2.30742
0.112233
-21.1839
-2.19333
-1.53898
-21.1758
-3.22374
-1.53354
-21.1426
-4.21133
-1.54082
-21.122
-5.11136
-1.55656
-21.0925
-6.15419
-1.56884
-21.0861
-7.0093
0.0482143
-20.0718
-6.96207
0.0394829
-19.0488
-6.91122
0.119101
-18.1089
-6.79454
0.105961
-17.2059
-6.6964
0.158184
-16.2711
-6.52387
-1.32911
-16.0186
-7.54875
-1.33199
-15.7765
-8.55234
-1.28436
-15.5149
-9.45752
-1.2959
-15.2012
-10.5229
-1.30332
-14.9473
-11.414
-2.9063
-15.9553
-11.6383
-2.87453
-16.8245
-11.8852
-2.85186
-17.7853
-12.1689
-2.82865
-18.7426
-12.4648
-2.81193
-19.6652
-12.7733
1.84287
-19.9008
-11.8757
1.89714
-20.2202
-10.9534
1.91415
-20.5468
-10.0064
1.95041
-20.9306
-9.05891
1.93478
-21.3148
-8.06954
-2.81186
-22.2186
-8.37838
-2.75961
-23.1673
-8.75014
-2.75911
-24.1694
-9.14423
-2.74261
-25.111
-9.53035
-2.79232
-26.0495
-9.86886
1.94254
-26.3911
-8.96698
1.95832
-26.7606
-8.05993
1.95571
-27.162
-7.07402
2.01779
-27.5918
-6.15584
2.02315
-28.0419
-5.2402
0.388807
-27.1293
-4.86875
0.3577
-26.1695
-4.51322
0.391901
-25.2427
-4.14272
0.404402
-24.3198
-3.74045
0.403274
-23.4118
-3.36253
-1.19362
-23.0779
-4.21998
-1.24667
-22.7826
-5.08851
-1.17604
-22.3936
-6.02335
-1.18999
-22.0297
-6.9398
-1.20135
-21.6657
-7.85378
0.438681
-20.7516
-7.42227
0.499847
-19.8409
-6.91501
0.511287
-18.9886
-6.42657
0.533927
-18.1686
-5.93918
0.574183
-17.2947
-5.37088
2.13449
-17.846
-4.49747
2.12903
-18.3453
-3.68319
2.11726
-18.8318
-2.87763
2.13427
-19.4267
-1.93069
2.10991
-19.9995
-0.986025
-2.61049
-20.9216
-1.52076
-2.58346
-21.7425
-2.03756
-2.55332
-22.6418
-2.63525
-2.5276
-23.4913
-3.2354
-2.51032
-24.277
-3.82714
-1.02252
-23.7589
-4.68203
-0.981702
-23.2147
-5.48333
-0.961267
-22.6178
-6.30318
-0.944831
-22.0184
-7.12182
-0.892297
-21.4252
-7.88843
0.696476
-20.6502
-7.23476
0.653438
-19.8645
-6.64243
0.639758
-19.0046
-5.99985
0.650428
-18.2094
-5.41077
0.647825
-17.3784
-4.78301
2.28424
-17.9891
-4.08346
2.32418
-18.6551
-3.37963
2.28534
-19.2883
-2.64939
2.28781
-19.9595
-1.87555
2.29887
-20.609
-1.1348
-2.41294
-21.3434
-1.78869
-2.44075
-22.1944
-2.48853
-2.4676
-23.0246
-3.1632
-2.48779
-23.8262
-3.78208
-2.51684
-24.6444
-4.36306
2.19904
-25.2557
-3.54272
2.25338
-25.9129
-2.7335
2.21609
-26.507
-1.96564
2.25489
-27.1599
-1.15908
2.2562
-27.7781
-0.417905
0.695985
-26.9995
0.23567
0.672857
-26.1106
0.942732
0.605333
-25.292
1.517
0.581609
-24.4285
2.09039
0.608171
-23.6042
2.67449
2.13358
-24.1213
3.51262
2.1334
-24.6589
4.38768
2.14645
-25.1918
5.21384
2.1088
-25.7327
6.13396
2.12014
-26.2458
6.96436
0.548687
-25.3281
7.52235
0.451363
-24.507
7.92235
0.511625
-23.628
8.42623
0.493646
-22.7914
8.88542
0.491585
-21.904
9.36528
-1.1019
-21.4404
8.44442
-1.14456
-21.0137
7.53919
-1.18161
-20.6413
6.61212
-1.15215
-20.2249
5.64877
-1.16998
-19.8058
4.65082
-2.71706
-20.7552
4.22656
-2.67528
-21.6856
3.74668
-2.57979
-22.5625
3.18994
-2.60256
-23.5006
2.63364
-2.5625
-24.2682
2.13843
2.12607
-24.8168
3.03173
2.10302
-25.3618
3.95386
2.08678
-25.8952
4.87039
2.09297
-26.3522
5.6623
2.10063
-26.8306
6.47943
0.505831
-25.9361
6.96125
0.541896
-25.0803
7.46613
0.622921
-24.2347
8.08597
0.69136
-23.4307
8.74858
0.739576
-22.715
9.41004
-0.846138
-22.0634
8.66697
-0.878569
-21.4185
7.88211
-0.918597
-20.8452
7.13279
-0.917036
-20.28
6.40007
-0.92487
-19.7292
5.63969
0.652718
-18.996
6.20262
0.680886
-18.2425
6.81874
0.711081
-17.5297
7.42418
0.680034
-16.7448
8.04727
0.713597
-15.9508
8.71374
-0.91498
-15.2858
7.8766
-0.888583
-14.7192
7.17034
-0.88298
-14.0833
6.39511
-0.846794
-13.4342
5.64348
-0.869732
-12.7588
4.83912
0.766493
-12.0261
5.54401
0.774322
-11.3269
6.22995
0.811552
-10.652
6.94724
0.784639
-9.98946
7.61137
0.734502
-9.24097
8.30443
2.26935
-9.8517
9.03293
2.25464
-10.5115
9.84036
2.31722
-11.1717
10.5416
2.3504
-11.8601
11.2304
2.31143
-12.556
11.989
-2.41788
-13.2667
11.3388
-2.41039
-13.997
10.7096
-2.43581
-14.739
10.0782
-2.45089
-15.4295
9.51068
-2.45603
-16.2736
8.85167
-0.877478
-15.6049
8.03666
-0.823508
-14.9335
7.32315
-0.852281
-14.2464
6.54011
-0.888694
-13.5737
5.72714
-0.877026
-12.9117
4.92117
0.716118
-12.1153
5.60526
0.722164
-11.3552
6.26794
0.62962
-10.5706
6.83687
0.666911
-9.90887
7.3633
0.665979
-9.11559
8.02259
2.22781
-9.76836
8.87685
2.19511
-10.2937
9.61345
2.22687
-10.9293
10.4812
2.18897
-11.516
11.3044
2.16095
-12.0286
12.101
-2.56114
-12.8267
11.5802
-2.55844
-13.6909
11.0239
-2.54184
-14.5173
10.4429
-2.55795
-15.3233
9.91289
-2.56978
-16.1386
9.392
-1.02362
-15.5998
8.5059
-1.02692
-15.1477
7.71408
-0.98108
-14.5874
6.89687
-0.996638
-14.0118
6.01325
-1.00708
-13.4786
5.17777
0.566915
-12.6151
5.73802
0.628852
-11.7632
6.34028
0.563118
-10.9378
6.8523
0.569085
-10.063
7.40446
0.566894
-9.22756
7.9315
-0.939475
-8.70634
7.18859
-0.972276
-8.17235
6.38401
-0.955603
-7.58135
5.52844
-1.01406
-7.00307
4.62798
-1.02776
-6.49739
3.74466
0.532287
-5.55446
4.30384
0.560428
-4.74107
4.80384
0.602073
-4.00732
5.32676
0.590981
-3.18062
5.89007
0.565228
-2.35861
6.41371
2.17868
-2.91005
7.20982
2.16021
-3.45722
8.04732
2.21662
-4.02466
8.8031
2.23235
-4.6634
9.6418
2.24541
-5.32469
10.4975
0.710479
-4.61466
11.0992
0.736605
-3.84181
11.7998
0.795623
-3.14228
12.5022
0.79285
-2.47625
13.1795
0.797592
-1.89086
13.7759
-0.795211
-1.14798
13.0105
-0.773076
-0.394528
12.2975
-0.697425
0.388698
11.645
-0.74893
1.10967
10.9951
-0.741677
1.82986
10.3288
0.814408
2.49088
11.0394
0.821787
3.23344
11.7959
0.833518
3.81463
12.4488
0.819087
4.57269
13.2367
0.839887
5.24457
13.977
-0.746785
5.96495
13.3038
-0.82312
6.6579
12.5781
-0.786756
7.38202
11.857
-0.817937
8.09945
11.1119
-0.825283
8.82767
10.3503
-2.43261
8.07041
9.6919
-2.44716
7.34539
9.09135
-2.41888
6.55874
8.38098
-2.40973
5.80676
7.70678
-2.41753
5.05378
7.02471
2.35951
4.36883
7.71491
2.40205
3.574
8.42235
2.41636
2.81602
9.0915
2.42217
2.01759
9.76925
2.42257
