0.00088
-0.15647
0.01153
-0.212866
-3.26267
0.434113
-3.20543
-0.635421
-2.2806
0.533627
-2.23658
1.20033
-1.86404
-0.76699
-1.4062
-0.00166282
-0.343582
0.07973
0.51972
-3.6733
-0.428725
-3.20656
0.00858976
-0.529656
0.14581
0.0140622
-0.662865
0.23425
0.0197574
-0.819295
0.20115
0.0329737
-0.993772
0.16369
0.0219043
-1.16203
0.12305
0.0141152
-1.36326
0.12978
0.00724033
-1.55128
0.11086
0.0236678
-1.7455
0.10712
-0.0108813
-5.27341
0.0382589
-1.92478
0.05356
-0.373213
-3.73265
0.0417183
-2.10063
-0.01983
0.044029
-2.29075
-0.03878
0.0420097
-2.44906
-0.03602
0.0467523
-2.60957
-0.00955
0.0471112
-2.76781
-0.00305
0.0472514
-2.9284
0.01547
1.56964
-5.62075
0.0511318
-3.09518
0.05842
-1.71734
-5.28317
0.0489639
-3.2609
0.08891
0.0482741
-3.42435
0.11217
0.0654591
-3.58906
0.15147
0.095791
-3.75126
0.22086
0.140478
-3.9082
0.31409
0.200877
-4.0587
0.43584
0.278681
-4.1958
0.62246
0.381098
-4.31819
0.8202
4.55486
-4.49052
3.17202
-3.98856
2.00674
-3.98757
0.500086
-4.43692
0.96552
0.635192
-4.54261
1.08767
0.782225
-4.63551
1.17658
4.37275
-6.06166
0.936345
-4.71701
1.24645
1.09516
-4.78558
1.31092
4.17867
-7.39085
1.25443
-4.8386
1.35349
1.41102
-4.88233
1.37037
1.56374
-4.92151
1.3707
4.83667
-2.96193
1.75965
-4.96548
1.36932
2.44672
-6.14313
1.91391
-5.00021
1.36837
2.09748
-5.0473
1.34365
2.2728
-5.09369
1.28261
2.43789
-5.1503
1.19338
4.12132
-9.06876
2.5875
-5.22135
1.06529
2.73103
-5.31155
0.95617
2.8643
-5.41688
0.84905
2.98567
-5.53574
0.74412
3.09349
-5.66598
0.64014
3.18819
-5.80794
0.53774
2.11619
-9.95045
3.26928
-5.96038
0.44367
2.22513
-9.09687
3.33742
-6.12096
0.36091
3.39258
-6.28725
0.28024
3.43429
-6.45816
0.20025
3.4631
-6.63258
0.12912
4.13213
-10.2603
3.48042
-6.81068
0.06599
3.48671
-6.98973
0.00602
3.48351
-7.17151
-0.03831
3.47283
-7.35451
-0.07827
3.46217
-7.54069
-0.10095
3.44538
-7.72706
-0.12716
2.15579
-11.0552
3.42979
-7.91526
-0.13845
3.41404
-8.06467
-0.1468
3.94294
-11.8738
3.41015
-8.25884
-0.14777
3.40881
-8.41529
-0.14838
2.62273
-12.1502
3.3973
-8.60876
-0.15059
3.3917
-8.76416
-0.15127
3.38921
-8.92297
-0.15209
3.38506
-9.10956
-0.15213
3.36605
-9.26169
-0.15368
3.3439
-9.44441
-0.15552
3.3223
-9.59861
-0.15724
3.7672
-13.5439
3.30173
-9.75332
-0.15942
3.27915
-9.90847
-0.16183
2.53338
-13.3802
3.25428
-10.0917
-0.16399
1.22868
-12.0565
3.23057
-10.2483
-0.16485
3.20149
-10.4337
-0.16713
3.18724
-10.5905
-0.15472
3.18218
-10.7521
-0.14201
3.18086
-10.9132
-0.12884
3.17488
-11.0725
-0.12737
3.16315
-11.2307
-0.12248
3.14817
-11.3883
-0.12081
2.2062
-14.8872
3.13334
-11.547
-0.11626
3.12038
-11.7047
-0.11143
3.73477
-15.3107
3.10613
-11.8918
-0.10667
3.09322
-12.0487
-0.10379
2.13655
-15.6876
3.08098
-12.2357
-0.10232
3.07137
-12.3945
-0.10012
3.06242
-12.551
-0.09856
3.64196
-16.2636
3.05411
-12.7094
-0.09582
3.04327
-12.8669
-0.09371
3.03181
-13.0237
-0.09207
2.11964
-16.6288
3.02002
-13.1811
-0.0904
3.00782
-13.3389
-0.08369
2.99577
-13.4961
-0.08166
2.97982
-13.6827
-0.08142
2.96619
-13.8368
-0.08276
3.51715
-17.7087
2.948
-14.0351
-0.08418
2.93352
-14.1912
-0.08551
2.10459
-17.8518
2.91878
-14.3471
-0.08657
2.90315
-14.5022
-0.08833
2.88717
-14.6569
-0.09
2.87122
-14.8123
-0.09203
2.85592
-14.968
-0.09309
3.41805
-18.902
2.83905
-15.123
-0.09461
2.06194
-18.9237
2.82145
-15.2777
-0.09596
2.80162
-15.4332
-0.09777
2.78302
-15.5852
-0.09903
2.76553
-15.7408
-0.09987
2.74724
-15.8965
-0.10141
2.72915
-16.0531
-0.10289
2.71108
-16.2095
-0.10492
2.69327
-16.3658
-0.10481
2.67622
-16.5206
-0.10634
2.32332
-20.4166
2.65443
-16.7206
-0.10728
1.62378
-20.35
3.13866
-20.5167
2.63727
-16.8763
-0.10743
0.270403
-20.1635
2.63065
-17.039
-0.08097
2.62994
-17.2012
-0.05659
2.63209
-17.3632
-0.03248
4.36797
-20.7831
2.63542
-17.526
-0.00906
2.63789
-17.687
0.00896
2.82464
-21.6
2.64037
-17.8476
0.02238
2.64622
-18.0085
0.03897
2.65808
-18.1694
0.0634
5.08302
-20.9308
2.67654
-18.332
0.09281
4.90389
-21.7559
4.34971
-19.8843
2.69811
-18.4946
0.12032
2.72997
-18.6861
0.15648
2.76444
-18.8443
0.1913
1.19184
-22.1177
2.80693
-19.0041
0.24214
2.85841
-19.1579
0.34974
1.16235
-23.0591
6.57207
-21.0633
2.9402
-19.3298
0.49317
3.02699
-19.4685
0.60657
3.12869
-19.5946
0.72462
3.24348
-19.7103
0.82851
6.71937
-20.1706
5.66174
-20.0635
3.36811
-19.8103
0.94003
3.50437
-19.8931
1.06122
3.6442
-19.961
1.12232
3.81082
-20.0318
1.19441
5.45643
-22.8924
3.97513
-20.0912
1.227
4.14294
-20.152
1.17818
7.91728
-21.298
4.28648
-20.2114
1.14525
8.00589
-20.2046
4.44279
-20.2899
1.05869
4.57216
-20.3802
0.94044
4.65628
-20.4611
0.79401
4.64231
-22.9249
4.72753
-20.5556
0.65004
8.71421
-21.5935
4.37546
-22.4278
4.78558
-20.6565
0.49002
4.83132
-20.7785
0.31046
4.84046
-20.891
0.13354
4.83761
-21.0158
-0.07233
4.81729
-21.172
-0.15014
4.79014
-21.3326
-0.17844
4.76165
-21.5032
-0.1527
6.33202
-23.2053
4.74356
-21.665
-0.10665
4.72678
-21.8392
0.05322
4.73552
-21.9851
0.18475
4.76618
-22.1195
0.33535
4.81309
-22.2365
0.50921
6.62391
-22.4073
4.87772
-22.3367
0.68391
4.95596
-22.4217
0.88123
5.0478
-22.4863
1.06988
5.14134
-22.5296
1.23359
5.27532
-22.5776
1.35763
5.41849
-22.6131
1.43311
5.55958
-22.6346
1.53649
5.71415
-22.6377
1.5872
5.84849
-22.6544
1.50021
5.9578
-22.6833
1.38358
5.9983
-22.6932
1.18302
6.02726
-22.7096
0.96003
6.04381
-22.7362
0.70914
6.04724
-22.7629
0.44846
6.05209
-22.7849
0.20685
6.04365
-22.802
-0.06047
6.03827
-22.8123
-0.29903
6.03096
-22.819
-0.56113
6.01748
-22.83
-0.84337
5.99734
-22.8375
-1.13729
5.97561
-22.8362
-1.41452
5.92609
-22.8189
-1.66205
5.86569
-22.7893
-1.8839
5.72817
-22.7388
-1.93472
5.58615
-22.6845
-1.94618
5.44521
-22.6297
-1.9475
5.30802
-22.5791
-1.88454
5.16883
-22.5436
-1.97592
5.04133
-22.4863
-2.06793
4.94833
-22.4452
-2.28628
4.86947
-22.3744
-2.45333
4.76652
-22.2604
-2.6334
4.6999
-22.142
-2.77864
4.64844
-22.0391
-2.95412
4.6261
-21.9393
3.12379
4.63679
-21.8166
2.97111
4.66818
-21.6704
2.8661
4.70543
-21.5213
2.9527
4.71721
-21.3808
3.13389
4.72345
-21.233
3.13832
4.73224
-21.0839
3.03564
4.7491
-20.9723
2.85438
4.7926
-20.8617
2.71849
4.84502
-20.7617
2.55229
4.91603
-20.6736
2.37871
8.61713
-20.0876
5.00207
-20.5981
2.22414
8.92156
-20.7008
5.1032
-20.5494
2.05436
5.20871
-20.5223
1.86152
5.35992
-20.5134
1.68907
5.52412
-20.5201
1.5771
5.70369
-20.5316
1.53772
5.88223
-20.5429
1.49058
6.07211
-20.5604
1.48406
9.73477
-19.9337
6.23255
-20.574
1.50519
6.39445
-20.5873
1.52916
9.81
-19.924
6.55345
-20.597
1.53499
6.7094
-20.6033
1.53355
6.90478
-20.6136
1.52964
7.12868
-20.6245
1.52612
7.28626
-20.6317
1.52475
7.44216
-20.638
1.52709
11.1192
-20.7544
7.59578
-20.6327
1.55205
8.98694
-22.2502
7.74716
-20.6272
1.59766
7.9106
-20.63
1.49683
8.06747
-20.65
1.35372
8.17537
-20.6861
1.19871
12.0829
-20.3507
8.2751
-20.7377
1.03729
9.11788
-24.0882
9.00521
-23.2227
8.36627
-20.8028
0.867805
8.20494
-22.3822
8.44343
-20.8812
0.701995
8.40448
-24.0181
8.51335
-20.9925
0.522165
7.96193
-23.4365
7.95852
-22.3596
8.5734
-21.1329
0.342675
8.6037
-21.269
0.156305
8.59974
-21.3668
-0.0632947
8.57607
-21.4895
-0.172405
8.5399
-21.6388
-0.178475
8.5155
-21.7772
-0.0771947
8.50921
-21.9456
0.0288253
8.50959
-22.1208
0.0479453
8.51955
-22.2886
0.0518453
8.52182
-22.4352
0.0333953
8.52755
-22.6053
0.0108853
8.52458
-22.7586
-0.0424147
8.51727
-22.9174
-0.0499847
8.50546
-23.0738
-0.0603747
8.4922
-23.2143
-0.126075
8.46259
-23.3716
-0.196595
8.42467
-23.4901
-0.0309547
8.40581
-23.5722
0.175095
8.39878
-23.6504
0.382095
8.40942
-23.731
0.606265
8.4181
-23.804
0.893635
8.43966
-23.8595
1.17025
8.46882
-23.9051
1.4484
8.5105
-23.9503
1.73666
8.55365
-23.968
1.9601
8.59795
-23.9713
2.18692
8.64814
-23.9477
2.38779
8.71015
-23.9113
2.60343
8.7472
-23.8633
2.84837
8.7731
-23.8074
-3.1372
8.78702
-23.7336
-2.92963
8.75886
-23.6036
-2.81055
8.7035
-23.4508
-2.76095
8.66447
-23.3426
-2.84959
8.62581
-23.2054
-2.86762
8.61836
-23.0799
-2.95137
8.60491
-22.9217
-3.00948
8.59749
-22.7564
-3.01905
8.59512
-22.6162
-3.1129
8.60022
-22.4649
3.08201
8.6155
-22.3006
3.0659
8.63469
-22.1376
3.08274
8.64326
-21.9721
3.07525
8.65455
-21.8156
3.09833
8.65433
-21.656
-3.11805
8.64661
-21.5122
-3.07628
8.63444
-21.352
-3.02029
8.61322
-21.2156
-2.91054
8.58481
-21.0567
-3.03009
8.56737
-20.9507
3.07155
8.5655
-20.8494
2.8643
8.61098
-20.7168
2.70713
8.6652
-20.628
2.50023
8.77008
-20.5281
2.35048
8.8905
-20.4313
2.229
12.7709
-20.5804
10.6728
-20.913
9.01284
-20.3742
2.00426
9.1595
-20.3323
1.86607
9.32463
-20.3118
1.77741
9.48244
-20.3045
1.69213
9.62193
-20.3069
1.6156
13.2749
-21.4808
9.79175
-20.3234
1.53243
13.446
-20.8855
9.97634
-20.3474
1.48327
10.1615
-20.3661
1.46449
10.3064
-20.3888
1.45794
10.4932
-20.419
1.45458
12.635
-21.3496
10.6802
-20.4561
1.47148
10.833
-20.4828
1.53052
10.9848
-20.501
1.56632
11.1708
-20.5195
1.52544
11.3278
-20.5325
1.52295
11.4892
-20.5523
1.55517
11.6605
-20.57
1.55292
11.8401
-20.5808
1.49764
11.9707
-20.5986
1.40009
12.1293
-20.6499
1.26901
12.2771
-20.716
1.17663
12.4352
-20.7917
1.18504
12.5763
-20.8761
1.18937
12.7115
-20.9449
1.13965
12.8432
-21.0163
1.09262
12.9683
-21.1008
1.13917
13.0768
-21.1838
1.31291
13.1765
-21.2361
1.48158
13.2498
-21.2775
1.7229
13.3285
-21.2989
1.95163
13.4237
-21.2895
2.17888
15.1944
-19.4067
13.4951
-21.2777
2.47723
13.5603
-21.2497
2.765
13.6046
-21.2233
2.99364
13.6359
-21.1597
-3.03289
13.6459
-21.084
-2.74696
13.6366
-21.0116
-2.52134
13.5882
-20.9236
-2.2612
11.9377
-21.2539
13.5048
-20.8466
-2.08185
13.3876
-20.7611
-1.85006
13.2838
-20.7186
-1.62756
13.138
-20.7002
-1.49552
12.9511
-20.6929
-1.51244
11.2325
-20.0721
12.7802
-20.6705
-1.5661
12.6407
-20.6537
-1.66066
12.4972
-20.6242
-1.7162
12.3542
-20.5806
-1.72159
12.207
-20.5525
-1.65769
12.0449
-20.5351
-1.66023
11.8849
-20.5057
-1.66509
11.7283
-20.4722
-1.66557
11.5536
-20.4489
-1.68865
11.3968
-20.4207
-1.6643
11.2049
-20.3955
-1.64868
11.0538
-20.3803
-1.63808
10.8782
-20.3606
-1.70105
10.7268
-20.3391
-1.70571
10.5392
-20.3079
-1.68859
10.3891
-20.285
-1.69503
10.1985
-20.2491
-1.70253
10.0127
-20.2089
-1.69449
9.86126
-20.1845
-1.67281
9.71174
-20.1712
-1.62337
9.5589
-20.1597
-1.60052
9.3821
-20.1448
-1.6192
9.22921
-20.1277
-1.64127
9.05309
-20.1084
-1.66722
8.87418
-20.1271
-1.63163
8.69348
-20.1209
-1.6448
8.51234
-20.1177
-1.63691
8.33953
-20.1384
-1.59063
8.1569
-20.1358
-1.59845
7.97479
-20.1238
-1.62409
7.80188
-20.143
-1.58711
7.62825
-20.1526
-1.58807
7.45336
-20.163
-1.58886
7.27478
-20.1568
-1.61641
7.09632
-20.1317
-1.66638
6.90903
-20.1199
-1.67626
6.71982
-20.1075
-1.67994
6.52998
-20.096
-1.68445
6.3348
-20.0975
-1.68694
6.14779
-20.0786
-1.69785
5.955
-20.0541
-1.70062
5.80557
-20.0345
-1.70197
5.61696
-20.0085
-1.7142
5.42718
-19.9836
-1.72079
5.23657
-19.9547
-1.72216
5.04808
-19.9257
-1.72634
4.86133
-19.8959
-1.7315
4.67445
-19.865
-1.73689
4.48543
-19.833
-1.73923
1.22661
-18.5712
4.29619
-19.8006
-1.74171
4.10616
-19.7675
-1.74454
3.91704
-19.7341
-1.74644
0.350306
-18.2742
3.76785
-19.7074
-1.7492
3.57677
-19.6727
-1.75064
3.41361
-19.6327
-1.70383
3.21453
-19.5947
-1.60926
3.04495
-19.5777
-1.45954
-0.569704
-18.1551
2.87967
-19.5813
-1.26748
-1.07043
-19.5959
2.73946
-19.6191
-1.11885
2.5881
-19.6772
-1.00393
2.44967
-19.7502
-0.89874
2.32063
-19.8449
-0.74048
2.42046
-23.8471
2.63835
-22.5765
2.20971
-19.9613
-0.57145
2.12051
-20.095
-0.40204
2.05342
-20.2418
-0.24348
2.0047
-20.3879
-0.23166
1.96025
-20.5353
-0.23399
1.9215
-20.6871
-0.23438
1.87072
-20.8782
-0.23311
1.8292
-21.0301
-0.23126
1.76996
-21.218
-0.23156
0.682573
-24.7359
1.7224
-21.3643
-0.23358
1.62614
-25.069
1.67369
-21.5102
-0.23556
1.61802
-21.6986
-0.22851
1.57809
-21.8913
-0.19582
0.302485
-23.9075
1.54767
-22.044
-0.19398
1.50599
-22.2347
-0.1936
1.466
-22.3841
-0.19486
1.41552
-22.5714
-0.19343
1.37457
-22.7222
-0.19366
1.32209
-22.9133
-0.17884
1.28265
-23.0627
-0.15382
1.25243
-23.2145
-0.11488
1.22348
-23.367
-0.00185
1.20772
-23.5084
0.17491
1.19846
-23.6249
0.4249
1.21336
-23.7328
0.68012
1.23743
-23.8205
0.97902
1.28539
-23.884
1.19799
1.39305
-23.9524
1.4694
1.47589
-23.9753
1.70625
1.55326
-23.9771
1.96463
1.62213
-23.958
2.25056
1.687
-23.9157
2.51329
1.74383
-23.8535
2.76436
1.78319
-23.777
3.01034
1.81082
-23.6824
-3.09198
1.82228
-23.5342
-3.01803
1.81776
-23.3852
-2.94993
1.8105
-23.2162
-3.03373
1.81716
-23.0583
3.10458
1.82423
-22.8907
3.00661
1.8376
-22.7393
3.10761
1.84275
-22.5852
-3.09841
1.8531
-22.4207
3.13126
1.87408
-22.2489
3.05631
1.89258
-22.0608
3.0417
1.91199
-21.868
3.0402
1.94457
-21.695
2.96884
1.98023
-21.5242
2.89554
2.01552
-21.3371
2.88862
2.05504
-21.15
2.88696
2.09683
-20.9761
2.8873
2.13633
-20.8272
2.88656
2.18477
-20.6373
2.90247
2.21937
-20.488
2.92274
2.26087
-20.3086
3.03562
2.28025
-20.1501
-3.08992
2.27581
-19.9917
-2.91947
-1.25241
-17.532
2.24241
-19.8369
-2.74991
2.18526
-19.694
-2.56973
2.11795
-19.5997
-2.41562
2.04443
-19.5279
-2.28933
1.93418
-19.4576
-2.28854
1.81445
-19.3549
-2.25156
1.67828
-19.2449
-2.18814
-2.20227
-18.5648
1.52774
-19.1469
-2.12554
1.39284
-19.0656
-2.05318
1.24959
-18.9948
-1.97948
1.10267
-18.9355
-1.94063
0.959228
-18.8799
-1.94099
0.812676
-18.821
-1.93739
0.660476
-18.7627
-1.91314
0.509828
-18.7091
-1.89108
0.370779
-18.6554
-1.90299
-2.84151
-16.834
-3.26336
-18.2019
0.194841
-18.5902
-1.91095
0.0270448
-18.5284
-1.91268
-0.154942
-18.4607
-1.91482
-3.98305
-17.9835
-0.330434
-18.3903
-1.92245
-3.54756
-16.6205
-0.506071
-18.3157
-1.92624
-0.651552
-18.2614
-1.92837
-0.796197
-18.207
-1.92964
-0.939814
-18.1447
-1.92874
-1.08603
-18.083
-1.91986
-5.01091
-17.5792
-1.23527
-18.0263
-1.90473
-1.38451
-17.9696
-1.89451
-1.53335
-17.9157
-1.88577
-4.79226
-16.1994
-1.67909
-17.8579
-1.88678
-1.82865
-17.8031
-1.8788
-1.97655
-17.748
-1.87543
-2.12533
-17.6939
-1.87173
-2.27309
-17.6402
-1.87136
-2.41761
-17.5813
-1.85224
-2.56108
-17.5213
-1.7828
-2.6995
-17.4849
-1.70271
-4.76271
-19.1198
-2.85601
-17.4566
-1.64154
-3.00998
-17.4358
-1.48339
-6.60914
-16.1478
-3.14913
-17.4484
-1.29942
-7.03257
-17.0781
-5.39526
-20.3482
-3.27155
-17.4805
-1.13686
-3.39149
-17.5308
-1.00955
-7.5656
-16.9027
-4.5362
-20.7666
-3.5259
-17.6072
-0.874405
-4.06158
-19.7153
-3.66269
-17.7218
-0.844095
-3.80034
-17.8364
-0.740445
-3.89875
-17.9297
-0.610845
-3.98302
-18.0746
-0.544635
-4.06942
-18.2262
-0.498595
-6.55951
-20.0304
-4.1475
-18.3843
-0.447805
-7.43559
-20.3537
-4.21428
-18.5396
-0.432145
-4.27755
-18.6969
-0.385585
-4.32665
-18.8643
-0.423185
-6.26144
-19.4466
-4.38448
-19.0252
-0.429105
-4.43651
-19.187
-0.540835
-4.49569
-19.2944
-0.682365
-8.34714
-19.824
-4.59826
-19.4217
-0.830225
-7.50118
-19.3507
-4.69114
-19.5067
-0.947075
-4.82767
-19.6013
-1.07981
-4.97586
-19.6721
-1.1501
-5.15087
-19.7421
-1.17652
-5.29638
-19.8
-1.29034
-8.51257
-18.9606
-5.4464
-19.8358
-1.40002
-5.61043
-19.8544
-1.53587
-5.77378
-19.845
-1.67405
-9.25228
-19.3906
-5.94161
-19.8089
-1.64844
-6.12098
-19.7854
-1.62554
-6.30462
-19.7725
-1.58439
-6.48602
-19.7649
-1.57778
-6.67132
-19.7481
-1.56133
-6.84194
-19.7507
-1.4961
-7.01815
-19.7622
-1.52565
-7.17504
-19.7676
-1.59651
-7.33451
-19.7584
-1.63075
-9.69312
-21.3702
-7.49197
-19.7456
-1.61928
-7.6478
-19.739
-1.67699
-7.79814
-19.7195
-1.76862
-7.96538
-19.6782
-1.74533
-8.12674
-19.6396
-1.71133
-8.2754
-19.6188
-1.67308
-8.44122
-19.6043
-1.6473
-8.56647
-19.6017
-1.80534
-8.70281
-19.5806
-1.96044
-8.78843
-19.5555
-2.19066
-9.50701
-18.4388
-8.85091
-19.512
-2.41737
-8.8936
-19.4685
-2.65596
-8.91244
-19.4378
-2.93221
-8.92078
-19.4151
3.08856
-8.92949
-19.3806
2.81387
-8.91978
-19.3641
2.55593
-8.91385
-19.3446
2.32157
-8.89032
-19.3179
2.02688
-8.8513
-19.2907
1.71913
-8.79351
-19.2804
1.44306
-8.68832
-19.3081
1.24671
-8.58837
-19.3626
1.06609
-8.44326
-19.4572
1.07428
-8.29621
-19.5525
1.12827
-8.15072
-19.6299
1.2717
-8.02365
-19.6735
1.43627
-7.83411
-19.6933
1.47397
-7.67683
-19.6984
1.50054
-7.51913
-19.7012
1.55497
-7.36048
-19.698
1.62438
-7.20441
-19.6893
1.62899
-7.02814
-19.6921
1.55907
-6.84958
-19.7081
1.48381
-6.66681
-19.728
1.43706
-6.50982
-19.7493
1.43471
-6.35329
-19.7709
1.43434
-6.19493
-19.7866
1.49676
-6.03086
-19.7986
1.55006
-5.86538
-19.8042
1.61623
-5.70071
-19.7954
1.73838
-5.53494
-19.7725
1.83609
-5.3729
-19.741
1.88813
-5.21975
-19.6867
2.00594
-5.07208
-19.6144
2.15501
-4.93369
-19.5262
2.25356
-4.81027
-19.4289
2.25352
-4.68457
-19.3283
2.26383
-4.56197
-19.222
2.34025
-4.44151
-19.1067
2.45971
-4.3343
-18.9797
2.5452
-4.24504
-18.8408
2.65454
-4.17412
-18.6932
2.76658
-4.11971
-18.5395
2.89096
-4.0774
-18.398
2.89318
-4.0369
-18.2204
2.86369
-4.00043
-18.0673
2.9002
-3.95737
-17.8856
2.97382
-3.93706
-17.7243
3.09576
-3.93515
-17.5631
-3.01115
-3.95917
-17.4026
-2.83298
-4.00789
-17.2447
-2.67037
-4.08226
-17.0972
-2.50712
-4.18019
-16.965
-2.32613
-4.30133
-16.8524
-2.1562
-4.43999
-16.7617
-2.01473
-4.59108
-16.6904
-1.87952
-8.00687
-15.3109
-4.73598
-16.6423
-1.82557
-8.3273
-16.1226
-4.88719
-16.595
-1.81101
-5.04762
-16.5514
-1.76284
-5.20047
-16.5158
-1.75751
-5.3882
-16.4666
-1.76107
-9.18931
-15.78
-5.56545
-16.4059
-1.78058
-5.74255
-16.3469
-1.80767
-5.92975
-16.3012
-1.8098
-6.11291
-16.2538
-1.8139
-6.29617
-16.2038
-1.81991
-6.47819
-16.1523
-1.82825
-6.66323
-16.1023
-1.83087
-9.31708
-14.1753
-6.84855
-16.0522
-1.83321
-10.1664
-13.8454
-10.2597
-15.356
-7.02862
-15.9961
-1.85056
-8.76057
-14.3765
-7.20549
-15.9341
-1.87445
-7.3671
-15.873
-1.89707
-7.54516
-15.806
-1.91151
-11.3006
-14.9318
-7.72228
-15.7392
-1.92169
-7.90103
-15.6706
-1.92887
-10.8133
-13.5649
-8.04275
-15.6173
-1.93106
-8.18554
-15.5632
-1.93359
-8.33099
-15.5076
-1.93529
-8.47393
-15.4513
-1.93749
-11.7036
-13.7371
-8.6186
-15.3942
-1.9397
-8.82745
-15.3114
-1.94241
-12.3042
-14.5142
-8.97312
-15.2542
-1.94412
-10.7932
-13.0465
-9.1184
-15.1972
-1.94559
-9.26295
-15.1402
-1.94597
-12.8536
-14.2823
-9.40713
-15.0832
-1.94825
-9.55195
-15.0252
-1.94917
-11.1916
-12.0902
-9.69675
-14.9674
-1.95055
-9.84374
-14.9094
-1.94137
-9.99473
-14.8529
-1.92356
-12.8926
-13.2491
-10.144
-14.7974
-1.91179
-10.2807
-14.73
-1.91431
-10.452
-14.6426
-1.91858
-10.587
-14.5729
-1.92134
-13.6395
-12.7165
-10.7616
-14.4866
-1.92407
-10.8997
-14.4194
-1.92627
-11.0408
-14.3555
-1.92552
-14.3539
-13.6029
-11.191
-14.2999
-1.90914
-11.3406
-14.2462
-1.89551
-11.4906
-14.1933
-1.88255
-11.6467
-14.1448
-1.85411
-14.9575
-12.834
-11.798
-14.1035
-1.82233
-14.4519
-12.005
-11.975
-14.0593
-1.79295
-13.5385
-15.2189
-12.1374
-14.0194
-1.67604
-12.2593
-14.0024
-1.54594
-15.7709
-12.4919
-15.6793
-11.5997
-12.3685
-13.9977
-1.36835
-12.4635
-14.0016
-1.1408
-13.5865
-16.4131
-12.5635
-14.0263
-0.924865
-13.0408
-16.7167
-12.8069
-15.7708
-12.6729
-14.0839
-0.748715
-12.7607
-15.2389
-12.7865
-14.1795
-0.620675
-12.8983
-14.2954
-0.476645
-12.9812
-14.4065
-0.324275
-13.0398
-14.5504
-0.313055
-12.2539
-17.23
-13.1105
-14.7106
-0.305225
-13.1916
-14.8792
-0.248585
-13.2545
-15.0147
-0.159335
-13.3029
-15.1882
-0.0865153
-12.076
-16.3589
-13.3387
-15.3481
-0.0102653
-13.3671
-15.5039
0.141005
-13.3759
-15.6471
0.289895
-13.36
-15.8018
0.443975
-13.3125
-15.9768
0.641895
-13.2617
-16.0907
0.850735
-13.1773
-16.1936
0.985225
-13.0633
-16.3023
1.16191
-12.9495
-16.3786
1.35991
-12.8491
-16.4358
1.48384
-12.7984
-16.4684
1.70952
-12.741
-16.4946
1.9685
-12.6924
-16.5134
2.18638
-12.6438
-16.5244
2.42151
-12.5914
-16.5226
2.67994
-12.5373
-16.5061
2.92927
-12.4792
-16.4611
-3.09623
-12.4378
-16.4069
-2.85945
-12.4188
-16.3387
-2.58528
-12.4232
-16.2617
-2.30914
-12.449
-16.1977
-2.08423
-13.8092
-12.2531
-12.5755
-16.1212
-1.97489
-12.7266
-16.0579
-1.95343
-12.8182
-16.0569
-2.22318
-12.8796
-16.0397
-2.47069
-12.9534
-15.9532
-2.62827
-13.0472
-15.8081
-2.72537
-13.1059
-15.7073
-2.89717
-13.1303
-15.5917
-3.04277
-13.1336
-15.4316
3.10224
-13.112
-15.2782
2.93996
-13.0628
-15.1334
2.83109
-13.0055
-14.9558
2.8063
-10.0674
-13.0946
-12.9571
-14.8165
2.80356
-12.8807
-14.6533
2.82038
-12.8037
-14.4875
2.81205
-12.7443
-14.3422
2.82991
-12.6938
-14.1921
2.91204
-12.6676
-14.0395
3.13163
-12.6703
-13.9304
-2.95965
-12.6984
-13.8296
-2.74277
-12.7485
-13.7356
-2.51983
-12.8411
-13.6139
-2.30253
-12.9563
-13.5143
-2.04918
-13.0876
-13.4466
-1.97631
-13.2477
-13.3728
-2.03175
-13.3961
-13.294
-2.13409
-16.1961
-10.7628
-13.8551
-10.6464
-15.3183
-13.5797
-13.5289
-13.2057
-2.28029
-13.6679
-13.0699
-2.38986
-13.7884
-12.9308
-2.4314
-13.4899
-9.63475
-13.888
-12.7857
-2.50419
-13.9696
-12.6466
-2.64037
-14.0141
-12.5445
-2.80973
-17.3048
-10.0965
-12.6104
-9.96658
-13.1452
-11.0347
-14.0546
-12.3893
-2.95595
-14.0718
-12.2331
-3.10873
-14.0671
-12.1153
3.02362
-14.0351
-11.9611
2.87225
-13.9799
-11.8071
2.74868
-13.9106
-11.6631
2.65161
-13.8265
-11.4928
2.64849
-13.7744
-11.3551
2.65876
-13.6866
-11.1742
2.66879
-13.6189
-11.0309
2.66861
-13.5323
-10.8669
2.61661
-13.464
-10.7618
2.48769
-13.353
-10.6314
2.38077
-13.2321
-10.5068
2.39781
-13.1307
-10.3955
2.54482
-13.0574
-10.3252
2.7702
-12.9914
-10.2462
3.0181
-12.9571
-10.1949
-2.99692
-12.9217
-10.1433
-2.72322
-12.9025
-10.0942
-2.48609
-12.9038
-10.0396
-2.24351
-15.6817
-10.5516
-12.9405
-9.97591
-1.93003
-13.0236
-9.91503
-1.66775
-15.5324
-10.8472
-13.1133
-9.88187
-1.36102
-13.1785
-9.87062
-1.10183
-13.2525
-9.88303
-0.839281
-13.3575
-9.96745
-0.601881
-13.4409
-10.0801
-0.382641
-13.5068
-10.2293
-0.262371
-13.5553
-10.3836
-0.230641
-13.6013
-10.559
-0.242521
-13.6485
-10.7126
-0.350201
-13.7093
-10.8702
-0.431451
-13.7647
-11.0365
-0.455621
-15.0437
-14.1938
-13.8313
-11.2043
-0.478041
-13.9003
-11.3523
-0.484691
-13.9827
-11.5151
-0.488811
-15.6709
-14.7837
-14.0574
-11.6655
-0.491151
-14.1295
-11.8025
-0.485331
-14.2002
-11.9448
-0.475931
-14.2755
-12.0874
-0.443611
-16.2233
-14.6295
-14.3523
-12.2267
-0.417911
-14.4469
-12.3852
-0.457261
-14.5319
-12.5169
-0.458581
-14.6042
-12.6551
-0.453431
-14.6569
-12.8101
-0.413691
-14.7133
-12.9569
-0.399071
-14.7839
-13.0897
-0.404481
-14.8558
-13.2583
-0.406191
-14.917
-13.4024
-0.408161
-14.9822
-13.5525
-0.410321
-15.0593
-13.7122
-0.475061
-16.3255
-14.0618
-15.117
-13.8025
-0.647181
-15.2243
-13.9197
-0.788691
-15.3486
-14.0419
-0.870461
-15.4595
-14.1335
-1.07066
-15.594
-14.2
-1.18828
-15.7176
-14.2587
-1.11334
-15.8542
-14.3307
-1.05133
-15.9732
-14.3951
-0.883651
-16.0457
-14.4476
-0.667311
-16.0895
-14.4871
-0.413451
-16.1242
-14.521
-0.176011
-16.1475
-14.5744
0.0629594
-16.1615
-14.6426
0.318129
-15.3674
-15.7408
-16.1759
-14.6879
0.560629
-16.1867
-14.7314
0.828479
-16.1851
-14.7569
1.09999
-16.1772
-14.7716
1.3286
-16.1446
-14.7923
1.63092
-16.0542
-14.7976
1.88509
-15.9238
-14.7671
2.049
-15.8298
-14.7396
2.38852
-15.7833
-14.7116
2.68932
-15.7514
-14.6609
2.89121
-15.7015
-14.5198
2.74998
-15.65
-14.4259
2.5403
-15.5794
-14.3242
2.4126
-15.4616
-14.1779
2.40685
-15.3542
-14.052
2.44773
-15.2343
-13.9122
2.4077
-15.1171
-13.784
2.3578
-14.9737
-13.7212
2.44591
-14.8306
-13.6103
2.52367
-14.725
-13.4895
2.61361
-14.6729
-13.3579
2.77557
-14.6351
-13.2115
2.91867
-14.6182
-13.0597
3.06241
-14.5988
-12.9181
3.11517
-14.5827
-12.7278
3.10569
-14.5698
-12.5686
3.11316
-14.5645
-12.4018
-3.12343
-14.5676
-12.2409
-2.9942
-14.6142
-12.1174
-2.81281
-14.7011
-11.9928
-2.63434
-18.7474
-10.6934
-18.1778
-11.0416
-17.6024
-11.3811
-14.8091
-11.8855
-2.47453
-17.9536
-9.55304
-16.6964
-11.9153
-14.9335
-11.7926
-2.33703
-15.0703
-11.7159
-2.22248
-15.214
-11.6467
-2.12756
-15.355
-11.5697
-2.08405
-15.5066
-11.4782
-2.08013
-18.6763
-9.70135
-15.6439
-11.4011
-2.07681
-19.0397
-10.3889
-15.7921
-11.3165
-2.0725
-18.4627
-11.4263
-15.9525
-11.2225
-2.07409
-19.4882
-10.1277
-16.112
-11.1336
-2.07798
-16.2606
-11.0505
-2.08301
-19.3799
-9.27157
-16.3852
-10.9802
-2.08458
-19.8374
-9.89221
-19.1384
-11.8508
-16.5195
-10.9117
-2.09083
-16.6397
-10.8484
-2.08782
-17.8896
-8.67432
-16.7809
-10.7762
-1.95804
-16.9002
-10.7462
-1.81069
-17.0589
-10.7168
-1.71777
-20.3464
-9.54165
-19.2167
-12.4829
-18.0859
-11.7993
-17.2343
-10.7093
-1.64925
-17.3771
-10.7113
-1.44327
-17.465
-10.7365
-1.22996
-21.2788
-9.21275
-18.5987
-12.7693
-17.591
-10.7998
-1.05716
-17.7518
-10.8977
-0.940316
-17.862
-10.9844
-0.758966
-17.9533
-11.0845
-0.595416
-18.0422
-11.2126
-0.572196
-18.141
-11.3651
-0.583986
-18.2329
-11.4994
-0.684296
-18.342
-11.6115
-0.711056
-18.4396
-11.7126
-0.823766
-18.544
-11.7931
-0.972516
-18.6832
-11.8811
-0.904606
-18.8117
-11.9481
-0.812096
-18.8895
-11.9924
-0.563786
-18.9469
-12.0645
-0.396476
-18.9966
-12.1335
-0.197056
-19.0249
-12.1826
0.0215441
-19.0463
-12.2274
0.244314
-19.052
-12.2709
0.495004
-19.0417
-12.314
0.736834
-19.0338
-12.3422
1.00018
-19.0082
-12.3719
1.22351
-18.9564
-12.4053
1.47699
-18.9263
-12.4102
1.75927
-18.9048
-12.4104
1.98319
-17.0866
-9.14002
-18.8708
-12.401
2.24638
-18.8319
-12.3801
2.47888
-18.7743
-12.3146
2.70817
-18.7277
-12.227
2.85225
-18.6728
-12.0874
2.76923
-18.5944
-11.9572
2.60832
-18.5274
-11.8699
2.43838
-18.421
-11.7314
2.49365
-18.302
-11.588
2.48899
-17.0217
-8.19074
-18.1853
-11.4482
2.51636
-18.0692
-11.3203
2.57272
-16.4935
-8.55472
-17.971
-11.2073
2.71703
-17.8924
-11.074
2.88054
-17.8389
-10.9286
2.98448
-17.5537
-7.9513
-19.6674
-8.08503
-17.7989
-10.7801
3.10986
-17.7764
-10.6346
-3.07671
-17.7824
-10.4523
-3.12057
-17.7794
-10.2814
3.06488
-17.7618
-10.1203
3.00463
-17.7366
-9.96608
2.84681
-17.673
-9.80517
2.76362
-17.5883
-9.64454
2.72297
-17.4787
-9.48705
2.71396
-17.4084
-9.35015
2.7585
-17.3466
-9.20699
2.75691
-17.2808
-9.04733
2.74781
-17.2084
-8.91096
2.71989
-17.1478
-8.79316
2.60004
-17.0277
-8.63747
2.59647
-16.9421
-8.5099
2.64325
-16.8489
-8.3612
2.81378
-16.8013
-8.25803
3.07868
-16.779
-8.16123
-2.91545
-18.9035
-5.02061
-16.792
-8.06746
-2.72181
-16.8034
-7.98004
-2.46415
-16.8239
-7.92428
-2.21121
-16.8476
-7.8802
-1.9426
-16.8927
-7.83161
-1.70206
-16.9435
-7.79748
-1.46711
-16.993
-7.77671
-1.17381
-17.058
-7.77281
-0.889381
-17.1282
-7.79675
-0.644351
-17.1901
-7.8429
-0.390491
-17.2357
-7.89634
-0.0795912
-17.2564
-7.97365
0.175399
-17.269
-8.12033
0.331919
-17.2451
-8.2916
0.270909
-17.2301
-8.4459
0.168559
-17.234
-8.61282
0.0508588
-17.2208
-8.76661
-0.0148312
-17.2135
-8.92639
-0.0302012
-17.2834
-8.99106
-0.278311
-17.3333
-9.08183
-0.444471
-17.354
-9.23864
-0.444251
-17.4327
-9.39284
-0.337521
-17.4915
-9.53118
-0.210571
-17.5464
-9.66562
-0.177231
-17.5938
-9.81235
-0.0998112
-17.6212
-9.96701
0.0532188
-17.6306
-10.0878
0.255219
-17.6128
-10.2378
0.488839
-17.5776
-10.3395
0.662189
-17.5011
-10.4717
0.884299
-17.3897
-10.5937
0.945029
-17.2698
-10.7102
0.987379
-17.1483
-10.817
1.00505
-16.998
-10.9455
1.00331
-16.878
-11.0461
1.00153
-16.7532
-11.1448
1.00365
-16.6155
-11.228
1.0378
-16.4698
-11.3051
1.08001
-16.3201
-11.3762
1.12322
-16.1727
-11.4441
1.14815
-16.0248
-11.5089
1.16988
-15.8866
-11.5819
1.17251
-15.7475
-11.6542
1.17536
-15.6041
-11.7221
1.18603
-15.4619
-11.7918
1.18927
-15.3215
-11.8619
1.19145
-15.1852
-11.9311
1.18546
-15.0199
-12.0132
1.15659
-14.8702
-12.0957
1.0613
-14.729
-12.1913
0.959669
-14.596
-12.2989
0.870679
-14.4716
-12.4186
0.783159
-14.356
-12.5484
0.706109
-14.2445
-12.6878
0.657299
-14.138
-12.8339
0.612049
-14.035
-12.9859
0.590449
-13.9433
-13.1159
0.605959
-13.8444
-13.2446
0.631669
-13.7432
-13.3697
0.657339
-13.6359
-13.4942
0.686139
-13.5094
-13.6373
0.721219
-13.3987
-13.7579
0.750989
-13.2838
-13.8764
0.780869
-13.1679
-13.9905
0.805659
-13.0472
-14.1025
0.837489
-12.9215
-14.2111
0.875229
-12.7916
-14.3153
0.913869
-12.6574
-14.4145
0.954479
-12.5212
-14.5073
0.990879
-12.3831
-14.5947
1.02441
-12.2421
-14.6777
1.0583
-12.0801
-14.7897
1.05818
-11.952
-14.8671
1.11139
-11.8149
-14.9334
1.12869
-11.6893
-14.9941
1.19099
-11.5683
-15.0421
1.38517
-11.4666
-15.0627
1.57862
-8.42225
-12.0252
-9.03979
-12.8784
-11.3652
-15.0604
1.77878
-11.212
-15.0157
1.9362
-11.0587
-14.9509
2.01865
-10.8955
-14.8481
2.15692
-9.45864
-11.2506
-10.7564
-14.7542
2.23174
-10.0967
-12.1001
-10.6172
-14.6544
2.29587
-10.4932
-14.5415
2.37338
-10.3958
-14.4124
2.49965
-10.3064
-14.2723
2.63919
-10.2313
-14.1262
2.72975
-10.1528
-13.986
2.74116
-8.62098
-10.3891
-7.47218
-11.1664
-10.0775
-13.84
2.68672
-10.0147
-13.697
2.51757
-9.94914
-13.5787
2.43091
-9.85473
-13.4522
2.47261
-9.75713
-13.321
2.51932
-9.65544
-13.1929
2.54196
-9.55516
-13.0651
2.566
-9.45727
-12.9324
2.58757
-6.74924
-10.4351
-9.35327
-12.8087
2.58863
-9.23246
-12.6619
2.58954
-9.13285
-12.5373
2.58899
-9.03542
-12.4122
2.58754
-7.61511
-9.33178
-8.93545
-12.2886
2.58657
-8.83256
-12.1657
2.58804
-8.71469
-12.0223
2.58649
-7.48148
-8.5174
-8.60193
-11.8609
2.58454
-5.87241
-9.91687
-8.49179
-11.7012
2.58214
-8.40083
-11.5753
2.58055
-8.30739
-11.4492
2.57817
-8.18844
-11.2935
2.5759
-6.41728
-8.208
-8.08113
-11.1465
2.57402
-5.66
-8.58213
-7.97609
-11.0082
2.5673
-7.86122
-10.8581
2.54981
-7.76279
-10.732
2.52785
-7.1308
-7.44431
-4.80972
-9.6428
-7.65118
-10.5791
2.51778
-7.54273
-10.4291
2.51079
-7.45513
-10.3117
2.4983
-7.3456
-10.1724
2.47751
-3.73757
-8.36205
-4.68575
-7.9059
-7.24041
-10.04
2.36877
-7.12047
-9.91672
2.26549
-6.98192
-9.80461
2.19064
-4.35624
-10.2045
-6.82838
-9.69987
2.15005
-6.68443
-9.60985
2.10759
-6.52681
-9.52286
2.03564
-6.39314
-9.45985
2.01332
-6.21985
-9.38194
1.99289
-6.08047
-9.30866
1.99071
-3.09356
-7.65921
-5.91407
-9.22626
1.98893
-5.77141
-9.15546
1.99145
-2.10521
-10.1385
-5.63005
-9.07888
2.0278
-3.48153
-6.19501
-5.52881
-9.01065
2.07748
-3.95859
-6.87855
-5.369
-8.91693
2.08389
-2.57588
-6.67911
-5.22691
-8.83007
2.16686
-5.08639
-8.73756
2.23973
-4.94475
-8.64689
2.27761
-4.80649
-8.55307
2.30692
-4.67018
-8.45563
2.33686
-4.53283
-8.35585
2.37523
-2.59128
-5.70259
-4.40402
-8.25118
2.39923
-4.28338
-8.14865
2.40651
-1.6271
-6.08825
-4.16207
-8.03552
2.42892
-4.05156
-7.91462
2.45816
-3.95444
-7.80138
2.48147
-3.84704
-7.67485
2.50508
-3.75363
-7.55694
2.53277
-1.64565
-6.62429
-3.6555
-7.42469
2.55264
-3.56137
-7.29208
2.5638
-3.46029
-7.16234
2.58394
-3.36195
-7.03243
2.59472
-0.0534779
-6.32404
-3.27875
-6.90255
2.58987
0.941795
-5.78915
-3.17862
-6.77292
2.45402
-3.09776
-6.68796
2.30677
-2.99778
-6.60526
2.1989
-0.456597
-6.84178
-2.86912
-6.51152
2.09407
-2.73973
-6.4408
2.07717
-2.57499
-6.37427
1.99974
-2.41373
-6.31612
1.89894
-2.26303
-6.28256
1.78451
-2.09577
-6.25932
1.67634
-0.946467
-7.33592
-1.98005
-6.25236
1.51525
-1.8599
-6.26917
1.37021
-1.68001
-6.3152
1.33678
-1.50451
-6.37307
1.29457
-1.35541
-6.42075
1.3019
-1.20357
-6.47324
1.374
1.28445
-4.80771
-1.06364
-6.49804
1.52436
-0.919015
-6.50571
1.65887
0.663703
-4.31985
-0.769003
-6.48981
1.85306
-0.632675
-6.44839
2.04467
-0.493434
-6.38001
2.22647
-0.363036
-6.29506
2.38595
-0.325495
-4.26185
-0.215024
-6.16856
2.44969
-0.447652
-3.701
-0.0997413
-6.05444
2.48497
2.8376
-5.70907
0.00112362
-5.93707
2.53735
0.0884365
-5.79396
2.68313
0.152439
-5.64139
2.82179
-1.49566
-2.25748
0.200544
-5.48252
2.95276
0.224187
-5.32035
3.10346
-2.38704
-2.49336
-1.95824
-2.91891
0.219186
-5.15974
-3.00192
-1.70437
-3.85005
0.186148
-5.00397
-2.81033
0.124616
-4.85766
-2.59531
0.0328406
-4.72847
-2.38855
-0.0774593
-4.61383
-2.28281
-0.221369
-4.48844
-2.2936
-0.63687
-2.02095
-0.338129
-4.38716
-2.29548
-0.483809
-4.2522
-2.29734
-0.622826
-4.11961
-2.31145
-0.756389
-3.98877
-2.33606
-0.84835
-3.89654
-2.43333
-0.945908
-3.78098
-2.62646
-1.00034
-3.6903
-2.81588
0.142573
-1.23429
-1.03563
-3.59385
-3.0102
0.277296
-2.18666
-1.05179
-3.50095
3.09698
0.452822
0.0323364
0.917621
-1.54647
-1.05056
-3.39307
2.90935
-0.98758
-3.23682
2.80052
-0.900459
-3.08301
2.71625
2.14149
-0.504341
-0.801189
-2.93543
2.63771
-0.677132
-2.78884
2.61825
-0.576985
-2.67066
2.61598
1.35267
0.459024
-0.451556
-2.52637
2.592
-0.330454
-2.38767
2.5471
-0.206278
-2.25203
2.49778
-0.117105
-2.13361
2.49063
0.288254
0.972115
-0.00629722
-1.97144
2.48941
1.77859
-1.04107
0.108868
-1.82074
2.47877
0.229688
-1.67405
2.46252
0.358266
-1.53739
2.44518
0.500658
-1.40241
2.43814
0.595868
-1.27365
2.48172
0.689351
-1.14783
2.49915
0.804481
-1.01422
2.42175
0.922391
-0.899273
2.29213
1.05513
-0.798947
2.16903
1.21846
-0.688657
2.2017
3.43284
1.45843
1.32018
-0.596332
2.46681
1.38321
-0.492324
2.75441
1.41787
-0.358668
2.97927
1.42976
-0.268655
-3.07308
1.4192
-0.189272
-2.82315
1.38809
-0.104995
-2.57862
1.32748
-0.0209655
-2.29338
1.25784
0.0408785
-2.03517
1.16802
0.0830665
-1.78188
1.07373
0.104416
-1.53417
0.982998
0.102151
-1.26415
0.896338
0.0736207
-0.994927
-0.0375546
-2.8872
0.817854
0.0218281
-0.733757
0.748558
-0.0531251
-0.494237
0.6986
-0.144786
-0.267177
0.662363
-0.294708
-0.0769765
0.644797
-0.475783
-0.100857
0.622886
-0.638062
-0.233407
0.59753
-0.792361
-0.330657
0.531467
-0.938372
-0.474107
-0.847161
-4.18376
0.458042
-1.11471
-0.464237
0.372825
-1.28961
-0.465407
0.27791
-1.4516
-0.491657
0.174126
-1.59941
-0.545507
0.0625552
-1.74427
-0.602157
-0.052647
-1.88508
-0.645357
-0.182334
-2.01076
-0.713827
-0.31772
-2.13185
-0.768727
-0.455526
-2.25361
-0.809087
-0.607373
-2.36896
-0.834117
-0.726949
-2.45893
-0.769677
-0.844338
-2.57534
-0.601757
-0.940524
-2.70869
-0.419267
-1.01315
-2.85848
-0.246387
-1.05962
-3.01829
-0.0733665
-1.07678
-3.18357
0.0953235
-1.06819
-3.34965
0.257603
-1.03731
-3.49833
0.361333
-0.988289
-3.66094
0.471413
-0.919589
-3.81778
0.585843
-0.842948
-3.95138
0.684833
-0.742073
-4.08853
0.798193
-0.630142
-4.21241
0.867153
-0.488532
-4.34261
0.895383
-0.358685
-4.44821
0.933013
-0.2266
-4.54713
0.968203
-0.0931727
-4.64282
0.997973
0.0682792
-4.75073
1.03423
2.74904
-7.43849
1.93148
-6.65866
0.202745
-4.84131
1.05251
0.337548
-4.92853
1.06642
3.24632
-6.9104
0.470487
-5.01241
1.06813
0.631468
-5.10503
1.03236
0.785271
-5.20199
0.986023
0.939435
-5.3079
0.953623
3.75841
-7.46474
1.08263
-5.4161
0.892263
1.21393
-5.52674
0.850533
1.34997
-5.65225
0.810113
1.48154
-5.78336
0.774923
4.4212
-8.20058
3.78979
-8.60321
1.59365
-5.89278
0.781763
1.70654
-6.00587
0.790623
1.81669
-6.11855
0.789283
1.92421
-6.23299
0.787643
2.06794
-6.36003
0.814213
2.18526
-6.46911
0.822663
2.30246
-6.57725
0.829083
2.41396
-6.68743
0.831763
4.51562
-9.64614
2.54207
-6.82714
0.815893
4.71442
-7.51603
2.65624
-6.99488
0.826383
5.37885
-9.1701
2.74982
-7.12278
0.857403
2.87236
-7.22348
0.930263
5.59399
-6.74715
3.00885
-7.3004
1.07032
3.1554
-7.35862
1.23555
4.91355
-6.23369
3.31224
-7.40121
1.35921
3.46868
-7.41985
1.52665
3.5781
-7.40966
1.70569
3.6805
-7.38208
1.87503
4.22925
-5.59963
3.83202
-7.32736
2.03197
3.97694
-7.25315
2.16541
4.12543
-7.17958
2.14153
4.21666
-7.1374
1.91274
4.38366
-7.09637
2.09827
4.46243
-7.0527
2.34988
4.52608
-7.00332
2.60739
3.66582
-3.80527
4.57744
-6.92918
2.84366
4.61471
-6.84597
3.08787
4.6394
-6.75923
-2.98255
4.64876
-6.6832
-2.74781
4.65721
-6.63527
-2.45347
4.65281
-6.59017
-2.12006
3.62427
-6.41858
4.62191
-6.54308
-1.81041
4.56911
-6.50926
-1.52281
4.50319
-6.49302
-1.24988
4.42475
-6.49906
-0.988902
4.29358
-6.55751
-0.753082
4.18077
-6.64392
-0.497992
4.089
-6.77332
-0.407892
4.00188
-6.93846
-0.416822
3.91207
-7.07104
-0.540132
3.8087
-7.22783
-0.518132
3.7425
-7.37021
-0.315802
3.70118
-7.51945
-0.138312
3.68369
-7.63018
0.0342982
3.68415
-7.76302
0.223258
3.71878
-7.92007
0.450668
3.78505
-8.06826
0.612258
3.88569
-8.23317
0.616638
3.99769
-8.39192
0.613668
4.10337
-8.54956
0.602798
4.2102
-8.71059
0.598978
4.29699
-8.83803
0.598518
4.39495
-8.98067
0.606588
4.49064
-9.112
0.630228
4.58691
-9.24604
0.664538
4.67705
-9.38222
0.683898
4.76749
-9.51734
0.700238
4.8557
-9.6379
0.680338
4.96337
-9.78531
0.636188
5.07552
-9.94654
0.637848
5.16457
-10.0798
0.652298
5.24775
-10.2156
0.650288
5.32895
-10.3488
0.648678
5.41113
-10.4843
0.645938
5.49379
-10.6201
0.643858
5.57618
-10.754
0.642278
5.65757
-10.887
0.639568
5.74177
-11.0238
0.638998
5.83339
-11.1563
0.651248
5.92564
-11.2887
0.660588
6.01847
-11.4201
0.672678
6.10983
-11.5518
0.677228
6.20507
-11.6822
0.685958
6.29694
-11.813
0.691168
6.38962
-11.9433
0.696268
6.48381
-12.0737
0.703308
6.58234
-12.2032
0.716328
6.68315
-12.3281
0.733138
6.77794
-12.4551
0.734188
6.87301
-12.5832
0.732678
6.96896
-12.7112
0.732968
7.06564
-12.8377
0.737098
7.16524
-12.9651
0.743388
7.27463
-13.0903
0.776658
7.38972
-13.2112
0.815478
7.51179
-13.3261
0.858928
7.64012
-13.4372
0.945618
7.77787
-13.5395
1.03856
11.9954
-12.5684
7.92352
-13.6276
1.13587
8.07562
-13.7001
1.24719
9.81051
-12.4921
8.23662
-13.7599
1.3507
8.4312
-13.8049
1.47223
10.783
-11.6334
8.60301
-13.8252
1.56259
11.7339
-10.8072
8.77459
-13.8313
1.64452
8.94795
-13.8232
1.72427
9.11811
-13.8033
1.79576
9.28643
-13.7692
1.87896
9.45073
-13.7224
1.95787
9.61285
-13.6609
2.03587
9.76931
-13.5881
2.10339
9.91985
-13.5059
2.16974
13.1339
-11.6196
10.0637
-13.4168
2.22852
10.2243
-13.305
2.29022
10.352
-13.2089
2.31125
12.558
-10.386
10.5088
-13.0899
2.31896
10.6634
-12.9707
2.32826
10.7852
-12.8751
2.33406
10.9065
-12.7794
2.33975
11.0278
-12.6848
2.34143
14.0818
-10.9139
11.1613
-12.5661
2.31717
11.3137
-12.4273
2.30267
13.669
-9.64554
11.4506
-12.3061
2.28747
11.5889
-12.1873
2.27514
11.73
-12.0684
2.26717
11.8715
-11.9512
2.25868
15.0639
-10.3156
12.0137
-11.8352
2.25183
12.1574
-11.7198
2.24342
12.3013
-11.6061
2.23463
12.4445
-11.4954
2.22359
14.6583
-8.95138
12.5915
-11.3843
2.21325
12.7389
-11.2693
2.20999
12.8846
-11.1393
2.21204
12.9988
-11.0345
2.21549
13.1481
-10.9208
2.21266
13.2974
-10.8098
2.20841
15.7007
-8.17985
16.2019
-9.41055
13.448
-10.6985
2.20514
13.5648
-10.6011
2.20472
13.6826
-10.4986
2.21013
13.8038
-10.4023
2.2089
13.9464
-10.289
2.20732
17.367
-8.58282
14.0682
-10.1838
2.2135
14.1897
-10.0849
2.21116
16.7619
-7.33033
14.3117
-9.98897
2.21
14.4558
-9.87836
2.20806
14.6125
-9.75827
2.20591
14.7354
-9.66305
2.20479
14.8809
-9.55138
2.20208
17.5257
-6.89465
15.003
-9.45834
2.20103
18.1715
-7.49328
15.1275
-9.36178
2.1997
15.2497
-9.2694
2.19744
15.3725
-9.17872
2.19667
15.4973
-9.08835
2.19507
15.6224
-8.99847
2.1924
15.7466
-8.90868
2.19171
19.063
-6.83158
15.8715
-8.81949
2.19022
16.0169
-8.70811
2.19118
16.1388
-8.60577
2.19855
16.2614
-8.50621
2.19808
16.3837
-8.4102
2.19714
16.507
-8.31371
2.19582
19.0558
-5.57814
16.632
-8.21768
2.19473
16.7572
-8.12273
2.19513
16.8811
-8.024
2.20326
17.0037
-7.92288
2.21335
19.9774
-6.04719
17.1263
-7.82237
2.22013
17.2488
-7.72587
2.21858
17.3734
-7.6278
2.21968
17.4992
-7.53241
2.21876
17.6257
-7.43687
2.21645
17.7512
-7.34243
2.21487
17.8775
-7.24765
2.21349
20.9707
-5.39422
18.0028
-7.15401
2.21141
20.7575
-4.59512
18.1288
-7.05793
2.21409
18.2555
-6.96186
2.21458
18.4043
-6.84975
2.21303
18.5308
-6.75496
2.21242
21.8376
-4.96886
18.6574
-6.65792
2.21473
18.7826
-6.56152
2.21697
18.9086
-6.46392
2.22042
19.0327
-6.36377
2.22815
19.1558
-6.2647
2.23353
19.3015
-6.14465
2.2424
21.3791
-3.67875
19.4344
-6.03499
2.24694
19.557
-5.93808
2.24847
23.1999
-4.58952
19.7138
-5.82721
2.24555
19.8915
-5.6944
2.2436
20.0147
-5.603
2.24174
22.741
-5.04847
20.196
-5.47814
2.23775
23.0159
-3.45709
20.353
-5.37349
2.23202
20.5113
-5.26711
2.22879
23.7397
-3.90758
20.6368
-5.1834
2.22607
20.7894
-5.07175
2.21695
20.9298
-4.97614
2.12593
21.0882
-4.88799
2.07313
24.0146
-2.71509
21.2493
-4.80842
2.0175
21.4227
-4.72741
1.99381
24.7778
-3.33303
21.5643
-4.655
1.99306
24.2942
-5.55674
21.7056
-4.58816
1.9914
21.8477
-4.5227
1.98974
22.0147
-4.44493
1.98769
24.8668
-1.98398
22.1569
-4.382
1.98614
22.3384
-4.29379
1.99097
22.4765
-4.20624
2.00977
25.818
-2.6721
22.6395
-4.10907
2.01512
22.7796
-4.03503
2.01447
22.9437
-3.93273
2.03802
23.0812
-3.84384
2.05464
25.7004
-1.26443
23.2182
-3.75168
2.07257
23.3527
-3.65715
2.09113
23.4884
-3.57752
2.09093
26.7948
-2.04719
23.6226
-3.50455
2.08882
23.758
-3.42864
2.08501
23.8926
-3.35281
2.08288
27.4367
-1.68732
24.0282
-3.2768
2.08091
24.1643
-3.20087
2.07858
24.3
-3.12363
2.07666
24.4706
-3.02866
2.07245
27.6214
-1.01602
27.0358
0.023782
24.6411
-2.93547
2.06802
24.8371
-2.82241
2.0671
24.9799
-2.73748
2.08927
25.1201
-2.65477
2.10322
25.2598
-2.56843
2.11908
25.3972
-2.47358
2.14788
25.5578
-2.35231
2.19505
25.6885
-2.24342
2.239
25.8135
-2.13333
2.27706
26.3267
-0.394958
25.9355
-2.01733
2.31522
26.051
-1.89522
2.37809
26.1591
-1.76663
2.4697
26.2576
-1.62846
2.55508
26.3441
-1.48306
2.63455
26.4178
-1.33391
2.67323
26.4753
-1.19696
2.66877
26.5514
-1.06328
2.53896
26.6396
-0.958207
2.33791
26.7349
-0.883724
2.13152
26.8191
-0.837515
1.92487
26.902
-0.814978
1.6631
26.9681
-0.814425
1.44116
27.0435
-0.823583
1.18235
27.1041
-0.841268
0.961958
27.1751
-0.887878
0.679848
27.2334
-0.949132
0.388018
27.27
-1.00359
0.168048
27.2969
-1.06505
-0.0556918
27.3083
-1.12846
-0.286782
27.3005
-1.19854
-0.543102
27.2735
-1.25877
-0.752162
27.2085
-1.33173
-1.01705
27.0981
-1.39032
-1.13848
26.9354
-1.44672
-1.22556
26.7557
-1.51323
-1.2029
26.6031
-1.57987
-1.15419
26.454
-1.65457
-1.06888
26.3093
-1.74336
-1.00265
26.1724
-1.83827
-0.945782
26.0355
-1.93558
-0.907712
25.9012
-2.03368
-0.874692
25.7693
-2.12949
-0.855432
25.6389
-2.21672
-0.857872
25.4888
-2.32239
-0.859882
25.3651
-2.41425
-0.861232
25.2371
-2.50694
-0.859872
21.3837
-2.54376
25.1108
-2.60041
-0.859942
24.9811
-2.69542
-0.850332
24.8291
-2.80624
-0.879942
24.6983
-2.89118
-0.881072
24.569
-2.98217
-0.883842
24.4444
-3.07323
-0.885552
24.2897
-3.18797
-0.887532
24.1699
-3.28091
-0.890092
24.0191
-3.40236
-0.891302
23.8962
-3.50158
-0.887042
23.7709
-3.60064
-0.872522
23.5565
-6.06986
23.6371
-3.70145
-0.797172
23.5114
-3.81607
-0.737032
23.8728
-6.69327
23.3925
-3.93753
-0.643882
23.3013
-4.05365
-0.411192
23.2631
-4.1435
-0.187612
25.4265
-7.78379
23.2461
-4.24571
-0.0155318
25.9015
-7.0752
25.4691
-6.45653
23.2401
-4.40605
0.0613382
23.2353
-4.57559
0.115758
23.2415
-4.74853
0.185318
23.2641
-4.92074
0.307138
23.3079
-5.08584
0.459528
23.3773
-5.24345
0.604918
23.469
-5.39312
0.729448
23.5751
-5.52818
0.806398
23.7092
-5.66038
0.806188
25.8946
-8.96228
23.8224
-5.76958
0.804578
26.5892
-8.53044
23.929
-5.86494
0.746788
26.4612
-7.00077
24.4958
-8.54616
24.0518
-6.00157
0.687658
24.1551
-6.12193
0.687488
24.2593
-6.24691
0.702038
24.3702
-6.36646
0.739378
28.3389
-7.48882
24.4855
-6.48546
0.803888
27.9498
-6.76979
24.6058
-6.6018
0.860988
24.7314
-6.71654
0.943318
24.8618
-6.81087
1.11223
27.8448
-5.89984
25.0017
-6.87165
1.34428
26.5781
-5.99718
25.1623
-6.90762
1.50602
27.3955
-5.38401
25.3305
-6.92238
1.66434
25.482
-6.91252
1.80456
25.6426
-6.87375
1.97362
25.7793
-6.81863
1.99784
25.9414
-6.74712
1.92213
26.1196
-6.68563
1.89609
26.271
-6.63273
1.89375
26.4137
-6.57055
1.98329
26.5516
-6.49912
2.14811
26.6416
-6.42349
1.91718
26.7058
-6.38779
1.66813
26.8019
-6.36835
1.43544
26.9704
-6.40403
1.36055
28.0961
-8.40781
27.1288
-6.46231
1.247
27.2705
-6.54295
1.09844
27.4034
-6.64231
0.966978
27.525
-6.74694
0.817768
27.6319
-6.86992
0.686378
30.4021
-7.46073
30.0422
-7.63432
27.7242
-7.00047
0.734268
27.8205
-7.11098
0.840208
27.9296
-7.20972
0.651438
28.0023
-7.29159
0.456798
28.0531
-7.37883
0.208698
28.0769
-7.4701
-0.0472118
28.0693
-7.55058
-0.295962
28.0513
-7.6213
-0.576462
28.0296
-7.67181
-0.877292
27.9967
-7.70548
-1.16014
27.9521
-7.74073
-1.50712
27.9026
-7.75688
-1.77334
27.8472
-7.7603
-2.04386
27.7956
-7.7506
-2.32111
27.7528
-7.72083
-2.58668
27.7215
-7.62356
-2.79775
27.7097
-7.50145
-2.92877
27.724
-7.34963
-2.79102
27.7104
-7.19778
-2.62211
27.6636
-7.04186
-2.45609
27.5955
-6.90174
-2.27741
27.4934
-6.76761
-2.13484
27.3817
-6.66288
-1.92671
27.2766
-6.60591
-1.72306
27.1163
-6.55828
-1.55161
26.9499
-6.53907
-1.38956
26.7756
-6.54742
-1.28664
26.6029
-6.571
-1.21953
26.4336
-6.60832
-1.15242
26.2689
-6.65718
-1.0959
26.1241
-6.71048
-1.0549
25.9721
-6.77407
-1.01149
25.8262
-6.8503
-1.05433
25.6755
-6.92277
-1.23888
25.5691
-6.96195
-1.41525
25.4628
-6.98364
-1.60224
25.3368
-6.97785
-1.72093
25.177
-6.94467
-1.86212
25.0267
-6.88974
-2.01791
24.8847
-6.8113
-2.16929
24.7449
-6.70478
-2.25187
24.6031
-6.57233
-2.27041
24.4856
-6.46494
-2.26784
24.3646
-6.33214
-2.34597
24.2669
-6.19595
-2.48093
24.1665
-6.04955
-2.56015
24.0613
-5.88976
-2.57615
23.9726
-5.7544
-2.54491
23.8824
-5.6215
-2.52247
23.7822
-5.44996
-2.51751
23.6808
-5.27907
-2.51295
23.5999
-5.14522
-2.50554
23.4954
-4.97773
-2.50306
23.4023
-4.84985
-2.49787
23.2925
-4.6849
-2.50059
23.2023
-4.5435
-2.50293
23.0979
-4.35722
-2.54375
20.7406
-1.44594
23.0343
-4.19462
-2.64897
22.954
-4.02616
-2.68168
22.8792
-3.85464
-2.7114
22.8058
-3.67945
-2.73136
22.7332
-3.505
-2.74987
22.6547
-3.32465
-2.74684
20.4671
-0.519349
22.5927
-3.17387
-2.73204
22.5289
-3.02633
-2.71535
21.2585
-0.117633
22.4579
-2.87867
-2.69048
22.3793
-2.73695
-2.65765
22.2973
-2.59567
-2.62011
22.2157
-2.4528
-2.5921
22.1311
-2.31166
-2.56375
22.0524
-2.17106
-2.54837
19.5851
0.896403
20.4126
1.15355
21.9705
-2.03161
-2.52757
21.8878
-1.89007
-2.50769
21.8072
-1.75176
-2.50018
21.7255
-1.61549
-2.50036
21.6472
-1.48454
-2.50662
21.5523
-1.32208
-2.52624
21.4689
-1.19372
-2.52892
21.3856
-1.06615
-2.53088
19.0665
1.97174
21.2994
-0.937343
-2.53274
21.1966
-0.771586
-2.53544
21.1106
-0.641869
-2.53733
21.0135
-0.472303
-2.53933
19.9948
2.14723
20.917
-0.3045
-2.54186
19.6159
3.10269
20.8439
-0.169119
-2.54416
20.7706
-0.0368603
-2.5456
20.68
0.134659
-2.5483
20.6073
0.270234
-2.55008
18.4587
3.20974
20.5066
0.437046
-2.55268
20.4182
0.568066
-2.55472
20.3331
0.696246
-2.55674
18.5792
4.16097
20.2481
0.826567
-2.55914
20.1657
0.957555
-2.56099
20.0535
1.14817
-2.56416
17.7506
4.0015
19.9551
1.3181
-2.56652
19.8769
1.45024
-2.56794
19.7925
1.60833
-2.57534
19.7102
1.77704
-2.59972
19.6292
1.94725
-2.6199
19.5475
2.11915
-2.6299
17.1802
4.89604
19.4644
2.29361
-2.63438
19.387
2.46949
-2.63877
19.3088
2.60636
-2.63382
16.8252
5.52566
19.2297
2.74239
-2.63227
17.8411
5.88975
19.1553
2.8783
-2.63378
19.0814
3.01565
-2.63452
19.004
3.1557
-2.6345
18.9266
3.29451
-2.62975
18.8494
3.4319
-2.62982
18.7611
3.56733
-2.61673
18.6754
3.7
-2.61521
16.3219
6.56513
17.4269
7.17351
18.586
3.83117
-2.61047
18.5011
3.96289
-2.61014
18.418
4.09474
-2.60807
17.1394
7.82418
18.3352
4.22888
-2.60781
15.917
7.36653
18.2549
4.36312
-2.6092
18.1732
4.49597
-2.61038
18.093
4.63013
-2.61302
18.0144
4.7648
-2.61373
17.9379
4.90002
-2.61539
17.8588
5.03673
-2.61628
17.7817
5.17254
-2.61745
17.7058
5.30898
-2.61836
16.6509
8.69989
17.6373
5.44612
-2.62004
15.4059
8.37707
17.5484
5.62064
-2.62057
17.4749
5.75953
-2.6231
17.3874
5.92273
-2.62494
17.3152
6.05998
-2.62593
17.2415
6.19934
-2.62662
17.1516
6.37588
-2.62815
14.9988
9.12148
17.0613
6.53986
-2.61814
16.9869
6.67774
-2.61455
15.9337
10.0732
16.9009
6.84027
-2.61124
16.8224
6.97802
-2.60947
16.7322
7.13904
-2.60937
14.5531
10.0896
16.6534
7.3004
-2.61504
16.5814
7.45182
-2.72355
16.5188
7.61309
-2.80315
16.4513
7.78868
-2.82642
16.3824
7.9688
-2.82769
15.3537
11.3652
14.1387
10.865
16.3208
8.11814
-2.80356
16.2579
8.26914
-2.75293
16.1932
8.42014
-2.7198
16.1225
8.56991
-2.68195
16.0529
8.71906
-2.65532
15.9957
8.86934
-2.65293
15.9272
9.04594
-2.64741
13.5572
12.0325
14.8505
12.5415
15.8598
9.19146
-2.62798
15.7768
9.33456
-2.59508
15.704
9.47345
-2.58835
15.6297
9.60497
-2.58946
14.5671
13.1678
15.555
9.73798
-2.59243
15.4606
9.90723
-2.59377
15.3677
10.0765
-2.59752
15.2758
10.2453
-2.59906
15.1862
10.4161
-2.60158
15.0992
10.5881
-2.60412
14.0223
14.176
12.9174
13.4379
15.0093
10.7606
-2.60595
14.9347
10.8949
-2.60875
14.8409
11.0666
-2.60996
14.75
11.2407
-2.61341
12.4469
14.4414
14.678
11.3753
-2.61476
15.0073
13.7797
14.585
11.5482
-2.6169
15.3798
15.2915
14.4906
11.7137
-2.63336
13.5345
15.3404
14.4112
11.8543
-2.70712
14.3307
12.0194
-2.87691
14.283
12.1735
-3.02187
14.2602
12.2993
-3.13112
16.4085
14.4725
14.2481
12.4162
2.98629
11.8451
15.9701
14.2577
12.5353
2.83394
14.288
12.6549
2.70158
12.9799
16.7407
14.3454
12.7914
2.56306
14.43
12.9254
2.47086
16.3198
13.1419
14.5324
13.0594
2.35983
14.6438
13.1793
2.23032
14.7849
13.2907
2.17469
17.2013
14.6219
14.9367
13.3997
2.13126
17.3601
15.1548
15.0908
13.5046
2.09824
15.2359
13.5997
2.16089
15.368
13.6984
2.23904
15.4931
13.8092
2.34605
15.6006
13.9316
2.49439
15.6725
14.0689
2.67498
15.7164
14.2179
2.86167
14.3573
17.152
14.6298
15.5353
15.7342
14.3742
3.04166
13.8577
17.0449
15.7286
14.5324
-3.06574
15.6994
14.6893
-2.89579
15.6483
14.8438
-2.75004
15.5761
14.9874
-2.59937
15.4814
15.1207
-2.44988
15.3849
15.2494
-2.40104
13.4717
18.248
15.2689
15.3879
-2.4035
15.1248
15.5091
-2.37751
15.0011
15.6496
-2.41448
14.9029
15.797
-2.49661
14.7864
15.9449
-2.52152
14.6927
16.1
-2.57918
14.4489
18.8773
14.6082
16.2623
-2.63302
14.525
16.4312
-2.66253
14.4374
16.5935
-2.66568
14.3657
16.7334
-2.66706
14.2893
16.9128
-2.67357
14.2374
17.0566
-2.6815
14.176
17.2249
-2.69064
14.1173
17.4026
-2.73232
14.0794
17.5152
-2.87614
14.0588
17.6308
-3.02261
15.7502
19.7837
14.0552
17.7478
3.11391
14.0683
17.8645
2.96711
14.0996
17.9836
2.83035
16.8101
19.4701
14.1471
18.0982
2.69402
14.2094
18.2044
2.55903
14.309
18.3289
2.39482
16.4523
18.3611
14.4295
18.4454
2.26409
14.5772
18.5659
2.24833
14.6946
18.6585
2.23676
14.8169
18.7456
2.22161
14.9997
18.8565
2.16709
15.1282
18.9305
2.14992
15.2723
19.0112
2.17128
15.4129
19.0879
2.1756
15.5745
19.1707
2.11234
15.6839
19.2152
1.96887
15.7896
19.2458
1.8034
15.8928
19.262
1.58824
15.9891
19.2593
1.32533
16.0745
19.2255
1.04152
16.1457
19.1706
0.738803
16.1829
19.1208
0.520783
16.2099
19.0643
0.291823
15.456
17.8073
16.2222
19.0005
0.0795735
16.2213
18.9349
-0.130577
16.1989
18.8508
-0.422727
16.149
18.7731
-0.700217
16.0719
18.7137
-0.879047
15.9702
18.663
-1.06966
15.7806
18.6109
-1.17854
15.5984
18.5731
-1.23723
15.4271
18.5413
-1.17567
15.2561
18.4992
-1.09048
15.0919
18.4452
-0.973447
14.9366
18.3745
-0.823897
14.7899
18.2795
-0.685337
14.66
18.1623
-0.570297
14.5431
18.0296
-0.464987
14.4503
17.8846
-0.323187
14.3793
17.7292
-0.163197
14.3218
17.5681
-0.0477365
14.2754
17.4018
0.0208235
14.263
17.2302
0.175783
14.2777
17.059
0.311343
14.3132
16.8899
0.391233
14.3608
16.7256
0.462983
14.4098
16.5789
0.460503
14.4775
16.3965
0.455903
15.2729
13.26
14.5336
16.2535
0.451043
14.613
16.09
0.399903
15.8903
12.6408
14.6933
15.92
0.361893
14.7705
15.7867
0.358893
14.8516
15.653
0.357993
14.9332
15.5188
0.355753
15.0236
15.3593
0.355093
15.1034
15.1847
0.336693
16.8114
12.1245
15.1629
15.0054
0.311473
15.2203
14.8214
0.302083
15.2765
14.6712
0.308713
16.5827
11.2214
15.3445
14.5188
0.337583
15.4075
14.3674
0.354683
15.4826
14.1917
0.373053
15.549
14.0565
0.398233
15.6268
13.9095
0.424003
15.7012
13.7645
0.442633
17.5782
10.665
15.7704
13.5826
0.439643
15.8285
13.4405
0.437873
15.8922
13.2939
0.448733
15.9434
13.144
0.445963
16.0084
12.9962
0.463393
16.0805
12.8485
0.486793
16.1534
12.7014
0.507623
19.1194
11.1728
16.225
12.5557
0.525073
16.2908
12.4082
0.528133
16.3473
12.2575
0.527853
16.4059
12.0996
0.560163
16.4769
11.941
0.611823
16.5573
11.7875
0.669533
16.6491
11.6396
0.729623
16.7456
11.4988
0.774163
16.8486
11.3622
0.819633
16.9569
11.228
0.915303
17.0823
11.1069
1.05171
20.3051
12.0336
17.222
11.0038
1.17501
17.3761
10.9172
1.2801
17.532
10.8606
1.42544
17.6881
10.854
1.61844
19.4293
12.976
17.8499
10.875
1.77516
18.009
10.9183
1.9234
18.3782
12.5745
18.1623
10.9829
2.06128
18.3144
11.0552
2.14169
18.4905
11.1388
2.13541
18.6493
11.2426
2.11334
18.7803
11.3237
2.11024
18.9542
11.4283
2.12858
19.0924
11.5201
2.20194
19.2111
11.621
2.35535
19.3058
11.7286
2.56179
19.3756
11.8382
2.8409
19.4131
11.9427
3.0734
19.4248
12.0387
-3.0061
19.4137
12.1657
-2.75619
19.3831
12.2621
-2.55419
19.3367
12.3414
-2.32168
19.2837
12.4008
-2.037
19.2235
12.4396
-1.75477
19.1499
12.4601
-1.45666
19.0036
12.4479
-1.25205
18.8593
12.4012
-1.03963
18.7303
12.3259
-0.923792
18.5838
12.2295
-0.848332
18.4483
12.1217
-0.766632
18.3211
12.0064
-0.707292
18.2116
11.8987
-0.716232
18.092
11.7862
-0.852442
17.9734
11.7021
-1.00638
17.8498
11.6408
-1.18368
17.7424
11.6076
-1.3382
17.6247
11.5797
-1.47732
17.4649
11.5312
-1.56169
17.3102
11.5497
-1.72419
17.1583
11.5954
-1.88752
17.0485
11.6515
-2.02408
16.9433
11.7202
-2.15081
16.8098
11.8196
-2.28267
16.6851
11.9372
-2.38298
16.5738
12.0686
-2.48139
16.4722
12.2134
-2.55905
16.3951
12.3471
-2.561
16.3206
12.4943
-2.62989
16.2506
12.6542
-2.72792
16.1894
12.7947
-2.73579
16.1166
12.9322
-2.71766
16.0259
13.0572
-2.63814
15.9168
13.1614
-2.48964
15.7882
13.2362
-2.29565
15.6527
13.3384
-2.21932
15.5121
13.4002
-2.05382
15.3634
13.4344
-1.8744
15.2261
13.441
-1.6947
15.0861
13.4216
-1.50468
14.9275
13.4036
-1.40618
14.7861
13.3807
-1.3257
14.6418
13.3335
-1.26539
14.5314
13.2973
-1.42205
14.4208
13.2886
-1.59712
14.2659
13.2944
-1.77178
14.1594
13.3206
-1.94377
11.794
16.5994
14.0703
13.3554
-2.1441
12.5379
17.2512
13.981
13.4113
-2.33312
13.8989
13.4908
-2.50625
13.7922
13.6207
-2.60795
13.6927
13.7759
-2.64578
13.6074
13.9489
-2.65515
13.5453
14.0952
-2.65348
13.4693
14.2438
-2.60181
13.3887
14.3896
-2.5571
13.3015
14.5278
-2.53071
13.2294
14.6642
-2.534
11.1562
17.7009
13.1425
14.8325
-2.54678
13.0605
15.0033
-2.57649
12.9817
15.1726
-2.60493
12.9072
15.3059
-2.60855
10.8555
18.4752
11.6654
18.789
12.8332
15.4408
-2.61042
12.7676
15.5749
-2.62327
12.6842
15.7321
-2.63224
12.6011
15.9034
-2.64526
12.5122
16.0769
-2.64864
12.4421
16.2266
-2.65143
10.6068
19.5713
12.3768
16.4049
-2.66578
12.3151
16.5454
-2.6681
12.2473
16.6841
-2.66983
11.45
20.4583
12.1843
16.8247
-2.67174
12.1161
16.9653
-2.67319
12.0461
17.1045
-2.6749
11.9777
17.2444
-2.67617
11.1823
21.1176
11.8965
17.4089
-2.67796
11.8143
17.574
-2.68047
11.7456
17.7135
-2.68232
11.6759
17.855
-2.68406
9.84854
20.8775
11.611
17.9967
-2.68617
11.5432
18.1395
-2.68561
11.4741
18.2883
-2.66097
11.4011
18.4346
-2.63972
11.3323
18.5799
-2.6314
11.2642
18.7587
-2.64484
9.36023
22.0678
10.6029
22.5389
11.2034
18.9249
-2.72128
11.1514
19.0923
-2.79149
11.1092
19.2667
-2.86096
11.0734
19.4437
-2.90615
11.0199
19.6566
-2.91995
10.9771
19.8327
-2.92247
10.2158
23.5213
8.89125
23.2122
10.9384
20.0076
-2.92486
10.9041
20.1639
-2.92534
10.8519
20.3181
-2.88988
10.7895
20.4867
-2.80842
10.7411
20.6436
-2.78195
10.6887
20.7996
-2.75276
10.6334
20.9553
-2.72562
10.5736
21.1071
-2.70034
8.5045
24.175
9.7695
24.5584
10.5013
21.2721
-2.66499
10.4402
21.4208
-2.65159
9.60275
25.2489
10.3677
21.5897
-2.69172
8.28043
24.7886
10.2942
21.7614
-2.72093
10.2241
21.9212
-2.73162
10.1652
22.0587
-2.74159
10.094
22.2372
-2.74736
10.024
22.4102
-2.77443
9.95871
22.5852
-2.80395
9.89159
22.7684
-2.80469
9.83485
22.9412
-2.80735
9.77774
23.1135
-2.80917
9.7136
23.3013
-2.81205
7.63052
26.4796
9.664
23.4502
-2.81377
8.94012
26.9484
9.60503
23.625
-2.81533
9.55182
23.7782
-2.79847
9.49486
23.9315
-2.77312
7.34611
27.1865
8.69968
27.6104
9.42391
24.1091
-2.75014
9.34889
24.2882
-2.72657
9.28252
24.4347
-2.70578
9.21458
24.5807
-2.69492
9.14606
24.7256
-2.68172
9.08291
24.8713
-2.67794
9.02601
25.0163
-2.6801
8.21363
28.7197
8.9632
25.1583
-2.68184
8.89678
25.2986
-2.68399
6.93593
28.4
8.82492
25.4421
-2.67679
8.73597
25.6175
-2.61695
8.65188
25.7773
-2.63174
9.324
28.9525
8.57498
25.9313
-2.72319
7.86966
29.7939
9.19223
28.1313
8.50766
26.0939
-2.80503
8.44574
26.2558
-2.89907
8.40823
26.3774
-3.01131
6.59502
29.5846
10.385
29.379
8.37025
26.5062
-3.11654
8.33398
26.666
3.00193
6.326
30.2559
8.3184
26.792
2.85306
7.59842
30.6353
8.3189
26.9297
2.74754
11.009
28.9405
8.35062
27.0807
2.60301
10.8602
28.2592
10.0517
27.9079
8.41797
27.2345
2.46607
8.50375
27.3787
2.33167
8.61987
27.5104
2.24465
8.7365
27.6165
2.14529
8.87549
27.7173
2.03186
9.03313
27.8164
2.01948
9.1562
27.9162
2.17581
9.26259
28.0291
2.34246
9.35405
28.1555
2.53798
9.42371
28.2918
2.73802
9.49853
28.4475
2.74737
9.58177
28.5697
2.59658
9.65141
28.6492
2.41696
9.72214
28.7133
2.18405
9.80761
28.7633
1.97634
9.89357
28.7957
1.73909
12.8616
27.2614
9.98248
28.8052
1.5496
11.3924
27.3715
10.0781
28.8019
1.32797
12.1803
25.6087
11.9137
26.5051
10.164
28.7844
1.09392
11.0142
26.1297
10.5308
27.5755
10.25
28.7404
0.882413
11.3176
25.2323
10.3331
28.6708
0.697373
10.4093
28.5775
0.549213
10.5034
28.4333
0.444243
10.5921
28.3047
0.508683
10.6891
28.1795
0.651023
10.4692
26.7946
10.7849
28.0471
0.724613
10.8699
27.9225
0.703603
10.9057
24.7094
10.9676
27.7898
0.568573
11.042
27.6492
0.404253
11.0822
27.5342
0.256663
11.1085
27.4204
0.0972835
11.1515
27.2318
0.131673
11.1911
27.0797
0.247573
10.9285
25.2193
11.2477
26.9344
0.423903
11.3141
26.7806
0.558293
11.3873
26.6233
0.640883
11.4755
26.4804
0.689183
11.5597
26.3411
0.696073
11.6665
26.1802
0.677793
11.7599
26.0451
0.534103
11.814
25.9417
0.363023
11.8492
25.8519
0.102273
11.8664
25.772
-0.192217
11.8574
25.6914
-0.451607
11.8429
25.6357
-0.698127
11.8239
25.5983
-0.963127
9.18834
26.2015
11.7982
25.5796
-1.20535
11.7627
25.5617
-1.47536
11.7227
25.5443
-1.74796
11.6695
25.5341
-2.07896
11.6232
25.541
-2.33117
11.5729
25.5612
-2.60976
11.5365
25.572
-2.8904
11.5132
25.5759
3.12041
11.5035
25.5878
2.86896
11.5314
25.6309
2.6069
11.6351
25.7435
2.69359
11.7067
25.8796
2.89251
11.7501
26.0378
3.03935
11.754
26.1931
-2.99696
11.7185
26.3478
-2.78818
11.651
26.4932
-2.60934
11.5643
26.6372
-2.47192
11.4606
26.7695
-2.38207
11.36
26.8922
-2.37927
11.2387
27.0289
-2.43301
11.1268
27.1747
-2.48733
11.0341
27.3331
-2.54743
10.9494
27.4999
-2.59517
10.8766
27.6705
-2.64031
10.7928
27.8413
-2.66598
10.6979
27.9678
-2.56901
10.584
28.0745
-2.41956
10.4563
28.1579
-2.2285
10.3158
28.2163
-2.0249
10.1659
28.2483
-1.81894
9.9877
28.2453
-1.56847
9.83981
28.2079
-1.35345
9.69954
28.1471
-1.15844
9.5401
28.0972
-1.09082
9.39012
28.0254
-1.0008
9.24977
27.9426
-0.932297
9.0956
27.8595
-1.01375
8.94688
27.7923
-1.13269
8.7996
27.7197
-1.24346
8.70053
27.6863
-1.41683
8.5957
27.67
-1.5899
8.48369
27.6724
-1.76433
8.36241
27.6858
-1.91161
8.24149
27.7121
-2.04556
8.12963
27.7511
-2.0987
7.9976
27.8591
-2.01048
7.90236
27.9498
-2.12855
6.33076
31.8562
7.82345
28.0434
-2.28177
7.02073
32.0138
7.73402
28.1755
-2.38678
7.65257
28.3214
-2.52366
7.61744
28.4565
-2.61429
5.62627
30.1398
7.58984
28.5927
-2.70179
7.55303
28.7273
-2.7606
4.47474
30.8063
7.48992
28.9073
-2.78541
8.20761
31.6233
7.43861
29.0547
-2.78617
8.83527
32.749
7.37998
29.2328
-2.78329
7.33001
29.3888
-2.75526
7.27583
29.5496
-2.63505
4.65401
30.0582
7.20154
29.7008
-2.49369
7.10571
29.8204
-2.2751
6.13101
33.4984
4.84298
29.3888
6.98455
29.9028
-2.01319
4.87759
33.1058
5.44799
29.2739
6.88503
29.9487
-1.83768
4.66799
33.6764
6.7303
29.9898
-1.62066
6.5642
30.0048
-1.47382
6.39644
29.9992
-1.32996
6.23234
29.9724
-1.21091
6.087
29.9238
-1.17825
5.94614
29.8695
-1.28839
5.83526
29.8415
-1.43948
5.6885
29.818
-1.54698
5.59796
29.8193
-1.75805
5.44765
29.8482
-1.83294
5.35577
29.8791
-2.06605
5.29578
29.922
-2.3208
5.14302
31.0648
5.25225
29.9751
-2.58084
5.21613
30.0208
-2.8144
5.1486
30.1743
-2.77512
5.10118
30.2537
-2.54043
5.06185
30.3104
-2.3221
5.03364
30.3459
-2.1046
5.02366
30.368
-1.8447
5.00911
30.3836
-1.62659
4.98189
30.3869
-1.39879
4.93815
30.3761
-1.15371
4.91579
30.3646
-0.923767
4.90332
30.3554
-0.713157
4.85895
30.3256
-0.517357
4.8196
30.2912
-0.304807
4.7924
30.2451
-0.0914365
4.76985
30.2046
0.173093
4.76532
30.151
0.436273
4.84208
30.1275
0.604643
4.93142
30.0965
0.783553
5.00382
30.0391
1.01385
8.75288
30.6092
5.1066
29.9887
1.16244
5.24308
29.9419
1.32199
5.38128
29.9189
1.44264
5.52432
29.9134
1.56468
5.6737
29.9291
1.57861
5.82461
29.9506
1.65184
9.47014
30.7534
8.85367
31.6588
5.99039
29.9953
1.73114
6.1108
30.0434
1.84691
6.25152
30.1125
1.9683
9.53781
31.567
6.36779
30.1803
2.09824
6.45582
30.2638
2.25764
6.57274
30.3633
2.10532
10.4267
30.4367
6.66531
30.3958
1.85506
6.77742
30.4125
1.67779
6.94626
30.4299
1.67099
10.5692
31.4606
7.12212
30.4484
1.65819
7.26483
30.4671
1.76616
7.41544
30.4942
1.78123
7.56702
30.5314
1.82929
7.72202
30.5752
1.88751
7.86995
30.6224
1.88624
11.7335
30.9308
8.01265
30.6707
1.90347
8.11574
30.7163
1.96653
11.5388
31.9412
9.23909
33.8971
8.25448
30.772
1.90896
8.39515
30.8183
1.83823
8.57405
30.8591
1.79404
8.75758
30.8962
1.77099
12.2654
31.23
12.0761
31.8255
8.94608
30.9228
1.7602
9.09269
30.9681
1.78189
9.24264
31.0073
1.78536
9.42012
31.0515
1.78564
9.57029
31.0916
1.78553
9.75485
31.131
1.76429
9.92231
31.1258
1.65392
10.1016
31.1263
1.60031
10.2802
31.1181
1.54812
10.4552
31.1123
1.4799
10.6382
31.1137
1.43916
10.8277
31.1424
1.46619
11.0143
31.1693
1.51796
11.1951
31.2128
1.57269
11.3658
31.2669
1.62285
11.4746
31.3121
1.75977
11.562
31.354
1.93151
11.6351
31.3988
2.17241
11.6652
31.4195
2.43758
11.6864
31.4363
2.66911
11.706
31.4597
2.89441
11.722
31.4888
-3.10748
11.7315
31.5118
-2.83905
11.7443
31.5374
-2.54451
11.755
31.5686
-2.24643
11.7565
31.6054
-1.99527
11.7375
31.6513
-1.67984
11.7147
31.6692
-1.50952
11.6768
31.6465
-1.31291
11.5422
31.5666
-1.2986
11.3798
31.5122
-1.36427
11.2314
31.425
-1.31539
11.0748
31.3663
-1.40151
8.40222
33.1173
10.9036
31.3333
-1.48406
10.7213
31.3042
-1.5283
10.5427
31.2879
-1.5917
10.3652
31.2587
-1.66819
10.1846
31.209
-1.6619
9.9719
31.2105
-1.67483
9.78261
31.2066
-1.67817
9.6011
31.2204
-1.72462
9.47282
31.2457
-1.82924
9.35981
31.2843
-1.97462
8.05771
34.3678
9.22873
31.318
-2.083
9.12095
31.3748
-2.2262
8.6587
34.4183
9.02696
31.452
-2.37689
8.94054
31.5412
-2.51723
8.8622
31.6407
-2.64754
7.24154
33.5078
8.768
31.7858
-2.74716
8.70875
31.946
-2.8542
8.66978
32.1102
-2.9594
8.64644
32.2812
-3.05274
8.63722
32.4575
-3.12412
8.64495
32.6357
3.10271
7.67171
36.3698
8.66574
32.8202
3.07355
8.64673
33.0083
-3.12699
8.6218
33.1561
-3.031
8.60152
33.3118
-2.99496
8.53973
36.5057
8.57035
33.4633
-2.93372
7.18685
35.3302
8.53364
33.6151
-2.88612
8.48714
33.7639
-2.82433
8.43836
33.9124
-2.80024
8.37855
34.1013
-2.7852
9.07498
35.8309
8.66339
35.225
8.31839
34.2439
-2.74804
8.24662
34.4237
-2.74986
8.20274
34.577
-2.88943
8.18642
34.6805
-3.05483
8.18783
34.7856
3.05926
8.21191
34.915
2.85745
8.23558
35.0862
2.82157
8.29986
35.2381
2.7231
8.37293
35.4088
2.83648
8.41045
35.515
3.00311
8.43305
35.6271
-3.10964
8.44107
35.7274
-2.8968
8.42853
35.815
-2.64945
8.3981
35.8878
-2.37061
8.35282
35.9497
-2.09434
6.68376
35.5606
8.29349
35.9942
-1.81026
6.25832
34.6126
8.22723
36.02
-1.51512
8.15789
36.0244
-1.21293
8.09233
36.0105
-0.902902
8.0156
35.9633
-0.665402
7.93263
35.8752
-0.440752
7.86121
35.7468
-0.307172
7.80906
35.6413
-0.457532
7.74422
35.5402
-0.608972
7.66563
35.4489
-0.754562
7.56405
35.315
-0.842422
4.26911
34.3111
7.44833
35.1887
-0.909752
7.31231
35.0944
-1.02742
7.1627
35.0025
-1.08322
7.00853
34.9113
-1.0941
3.66687
33.5646
6.8522
34.8252
-1.11665
4.45513
35.3856
6.69175
34.7467
-1.14895
6.52646
34.6881
-1.20426
6.36109
34.627
-1.24923
6.19191
34.576
-1.30179
6.01938
34.5263
-1.33625
5.84936
34.4603
-1.33751
5.67587
34.4016
-1.33863
3.11513
33.4832
5.50357
34.3396
-1.34086
2.70799
34.4056
5.32699
34.2891
-1.34543
5.14474
34.2417
-1.35132
4.98048
34.1612
-1.30514
4.80043
34.1093
-1.31756
1.24137
33.5448
4.61968
34.057
-1.3221
2.10446
33.3024
4.43987
34.0039
-1.32371
0.74604
34.3006
4.26043
33.9551
-1.34322
4.08284
33.9291
-1.40237
3.90496
33.9262
-1.47842
3.72989
33.9384
-1.56157
3.55503
33.9636
-1.64281
1.31739
34.8542
3.37684
33.9976
-1.7009
3.19744
34.0343
-1.73737
3.01053
34.0524
-1.69325
2.86072
34.0588
-1.60127
2.70679
34.0537
-1.47354
2.55703
34.028
-1.30398
2.41543
33.9848
-1.0682
2.29386
33.9346
-0.998102
2.1449
33.879
-1.14963
1.99342
33.8371
-1.31431
1.87026
33.8197
-1.44651
1.76755
33.8134
-1.6383
1.65277
33.8186
-1.80919
1.54922
33.8216
-2.0324
1.45216
33.8519
-2.28196
1.3697
33.9
-2.55897
1.32637
33.9412
-2.80907
1.29491
33.9801
-3.0935
1.27893
34.0272
2.90549
1.27175
34.0833
2.63325
1.27777
34.1421
2.35514
1.29932
34.191
2.08147
1.33697
34.2327
1.80497
1.38612
34.2652
1.54403
1.47499
34.2648
1.26093
1.63253
34.1922
1.19317
1.81653
34.1082
1.22623
1.97318
34.04
1.32497
2.13199
33.99
1.45724
2.29586
33.9736
1.6024
2.45171
33.9919
1.72872
2.60552
34.0191
1.74464
2.79129
34.0344
1.71056
2.9616
34.0361
1.60822
3.13211
34.0263
1.51692
3.30347
34.0029
1.43104
3.48884
33.9793
1.41064
3.67989
33.9519
1.40408
3.83522
33.937
1.4436
3.98338
33.9571
1.55877
4.13505
33.9742
1.64203
5.79866
35.9278
4.31656
34.0087
1.74282
4.47513
34.028
1.76392
4.64999
34.0886
1.92385
4.78601
34.16
2.07115
4.90918
34.2526
2.24493
5.09353
37.4647
5.01941
34.364
2.43287
4.78319
36.1244
5.11122
34.4923
2.60405
5.17251
34.6091
2.70564
5.21798
34.7069
2.56457
5.22522
34.7038
2.32564
5.24184
34.7027
2.07487
5.27722
34.7039
1.80897
5.32546
34.7034
1.51236
5.39719
34.6894
1.2271
5.44974
34.6732
0.909973
5.49339
34.6478
0.632383
5.55056
34.5774
0.336793
5.59036
34.4741
0.158603
5.62514
34.3323
0.194103
5.65874
34.1733
0.209573
5.6908
34.0042
0.279683
5.73398
33.8408
0.330773
5.78758
33.6832
0.370153
5.85189
33.5286
0.416203
5.92298
33.3767
0.458543
6.00066
33.2293
0.504813
6.08535
33.0836
0.547433
6.17655
32.9422
0.591193
6.28085
32.797
0.524993
6.36951
32.6458
0.446193
6.44575
32.4867
0.369043
6.50408
32.3207
0.290373
6.54985
32.1495
0.216263
6.58839
31.9672
0.187773
6.62373
31.7797
0.173543
6.66418
31.5935
0.164813
6.69785
31.4066
0.145843
6.72707
31.2201
0.125873
6.75281
31.0327
0.106403
6.77813
30.844
0.0977935
6.80388
30.6546
0.0935835
6.83955
30.4612
0.0922435
6.88451
30.3039
0.100923
6.9321
30.1613
0.123243
6.97653
30.0053
0.126463
7.02321
29.8485
0.144463
7.07565
29.6906
0.167573
7.12748
29.5495
0.195223
7.18851
29.395
0.226233
7.2354
29.2023
0.224333
7.28593
29.049
0.238583
7.3392
28.8962
0.255603
7.39409
28.744
0.270433
7.44778
28.5947
0.281883
7.50077
28.4427
0.287853
7.55236
28.2926
0.291393
7.60107
28.1058
0.289093
7.6364
27.96
0.287023
7.68166
27.772
0.284793
7.72163
27.624
0.283333
7.76228
27.4755
0.281333
7.80203
27.328
0.279743
7.84783
27.1526
0.277493
7.89654
26.9774
0.275613
7.94709
26.7892
0.273753
7.98656
26.6403
0.271453
8.02375
26.4912
0.270093
8.07019
26.3143
0.267823
8.10791
26.164
0.266043
8.15321
25.9879
0.264203
8.20015
25.8334
0.274143
8.25244
25.6551
0.276753
8.30301
25.4766
0.275313
8.34547
25.3259
0.273773
8.38892
25.1726
0.274353
8.43273
25.0197
0.276113
8.46715
24.8698
0.273873
8.50398
24.7194
0.272133
8.54112
24.5683
0.269753
8.58093
24.4181
0.267853
8.62226
24.2652
0.265953
8.66307
24.1141
0.263373
8.71446
23.9211
0.260823
8.7629
23.74
0.261403
8.80428
23.5872
0.262503
8.84541
23.434
0.262743
8.88848
23.2566
0.260163
8.93632
23.0634
0.257713
8.97952
22.8838
0.255323
9.0152
22.732
0.253313
9.05171
22.5397
0.250623
9.08615
22.3876
0.248153
9.11995
22.2361
0.246103
9.15282
22.0837
0.244083
9.18512
21.9311
0.241473
9.21867
21.7795
0.239723
9.2557
21.6239
0.239233
9.29003
21.471
0.237563
9.32509
21.3176
0.239023
9.36251
21.1637
0.238223
9.39982
21.01
0.239173
9.43679
20.8561
0.240983
9.47965
20.6624
0.239293
9.51309
20.4831
0.237993
9.54972
20.2892
0.236173
9.58667
20.1088
0.234103
9.61758
19.9555
0.232803
9.65595
19.7606
0.230013
9.6894
19.6078
0.229463
9.72238
19.4541
0.227493
9.75994
19.2636
0.225603
9.79323
19.0846
0.223393
9.83
18.9041
0.221093
9.86025
18.7504
0.219273
9.89044
18.5952
0.217303
9.92756
18.4013
0.214683
9.95973
18.2473
0.213443
9.99786
18.0557
0.211323
10.0289
17.903
0.210053
10.0616
17.7496
0.215663
10.0987
17.5946
0.230923
10.1351
17.4429
0.240563
10.1737
17.2884
0.246883
10.2124
17.1356
0.250923
10.2522
16.9823
0.258163
10.2937
16.8277
0.266723
10.336
16.6747
0.272993
10.3803
16.5179
0.277393
10.4353
16.3259
0.281323
10.4786
16.1764
0.283773
10.5224
16.0247
0.281883
10.5644
15.8735
0.280093
10.6066
15.721
0.278673
10.6497
15.5694
0.278203
10.6884
15.4186
0.277153
10.7306
15.2416
0.274853
10.7697
15.0903
0.272233
10.8078
14.9389
0.271053
10.8465
14.7863
0.269423
10.8934
14.5941
0.267383
10.932
14.4419
0.266143
10.9706
14.2896
0.264063
11.0058
14.1395
0.262403
11.038
13.9862
0.260273
11.0713
13.8356
0.258193
11.1057
13.6833
0.256763
11.1459
13.525
0.284943
11.1846
13.3755
0.357633
11.2327
13.2199
0.517863
11.3045
13.0728
0.671933
11.4004
12.9377
0.838643
11.5185
12.819
0.992973
11.6537
12.7192
1.129
11.802
12.6393
1.24443
11.9604
12.5763
1.36228
12.1231
12.5331
1.50141
12.29
12.5123
1.63288
12.46
12.5138
1.76664
12.6316
12.5391
1.90423
12.7948
12.5699
1.96429
12.9853
12.6149
1.97521
13.148
12.6691
2.04483
13.307
12.7348
2.18563
13.4516
12.8156
2.3553
13.5781
12.9103
2.56344
13.6702
13.0003
2.80641
13.7231
13.06
3.03594
13.7586
13.1301
-3.01649
13.7757
13.2537
-2.73899
13.7701
13.3353
-2.51191
13.7506
13.4035
-2.26393
13.7115
13.4633
-1.99947
13.6568
13.5093
-1.72626
13.5832
13.5386
-1.41567
13.5204
13.5464
-1.11527
13.456
13.5343
-0.820982
13.3957
13.4989
-0.543192
13.3345
13.4242
-0.321612
13.2739
13.2793
-0.102382
13.2341
13.1295
-0.0607718
13.1796
12.9959
-0.111322
13.1183
12.9334
-0.398892
13.0563
12.861
-0.658882
12.9844
12.7885
-0.885702
12.8936
12.7323
-1.0939
12.7684
12.6795
-1.2314
12.5992
12.6377
-1.32981
12.4391
12.5619
-1.25642
12.2969
12.5091
-1.18352
12.1178
12.4501
-1.1805
11.9563
12.4084
-1.30561
11.8423
12.4037
-1.46849
11.758
12.4103
-1.67419
11.6856
12.4286
-1.88866
11.6181
12.462
-2.10439
11.5591
12.5076
-2.31355
11.5046
12.5757
-2.50557
11.46
12.6678
-2.67812
11.4221
12.8115
-2.81164
11.3664
12.9947
-2.8119
11.3138
13.1535
-2.75941
11.2645
13.3085
-2.73729
11.2094
13.4612
-2.72028
11.1543
13.6296
-2.78085
11.1106
13.7995
-2.7958
11.0576
13.9868
-2.80059
11.0133
14.1343
-2.80199
10.9657
14.3202
-2.80412
10.9233
14.4927
-2.81308
10.8797
14.6776
-2.82579
10.8366
14.8649
-2.83695
10.7969
15.0508
-2.84845
10.7648
15.1997
-2.85115
10.7333
15.348
-2.85484
10.6901
15.5391
-2.85675
10.6545
15.6901
-2.85915
10.6195
15.8408
-2.86083
10.5784
15.99
-2.86209
10.5346
16.1434
-2.86155
10.484
16.3226
-2.86271
10.441
16.4751
-2.86214
10.4087
16.6277
-2.8646
10.3666
16.8173
-2.86661
10.3212
17.0095
-2.86985
10.2849
17.1599
-2.87101
10.2446
17.3401
-2.8734
10.2163
17.4906
-2.87613
10.1797
17.683
-2.87821
10.1424
17.8636
-2.88083
10.1148
18.0145
-2.88263
10.088
18.1655
-2.88482
10.0555
18.3457
-2.8876
10.0188
18.5379
-2.88988
9.98574
18.7306
-2.89265
9.96413
18.8787
-2.89419
9.93615
19.0708
-2.89776
9.91365
19.2211
-2.90001
9.88563
19.4148
-2.90168
9.85987
19.5935
-2.90463
9.83271
19.7854
-2.90683
9.80503
19.9786
-2.9097
9.77771
20.1709
-2.91149
9.75648
20.3217
-2.9133
9.72948
20.5145
-2.91527
9.70878
20.6668
-2.91615
9.68697
20.8205
-2.91752
9.66264
20.9734
-2.91877
9.6391
21.1261
-2.91943
9.60975
21.3073
-2.92067
9.58709
21.4598
-2.92163
9.55703
21.6543
-2.9231
9.52664
21.8489
-2.92549
9.50435
22.0015
-2.92712
9.48148
22.1547
-2.92914
9.46094
22.3067
-2.93123
9.43183
22.502
-2.934
9.40768
22.6569
-2.93591
9.38588
22.8074
-2.9374
9.36504
22.9597
-2.93961
9.34256
23.1116
-2.94173
9.31796
23.2641
-2.94347
9.28992
23.4184
-2.9455
9.26438
23.5717
-2.94736
9.24095
23.7246
-2.94896
9.21445
23.9189
-2.95167
9.19432
24.0706
-2.95358
9.17118
24.2646
-2.95658
9.15343
24.4164
-2.95899
9.13185
24.6087
-2.96164
9.11423
24.7616
-2.96387
9.08816
24.956
-2.96633
9.06581
25.1102
-2.96871
9.04284
25.2643
-2.9709
9.01707
25.4589
-2.97335
8.99673
25.6136
-2.9755
8.96748
25.8099
-2.97769
8.94568
25.9656
-2.97975
8.92434
26.1218
-2.98186
8.90373
26.2747
-2.98374
8.88007
26.4314
-2.98434
8.85376
26.5895
-2.97322
8.82718
26.7449
-2.9723
8.80066
26.902
-2.97416
8.77504
27.0565
-2.97617
8.74922
27.2122
-2.97731
8.72314
27.3694
-2.9767
8.69732
27.5253
-2.97805
8.67145
27.6819
-2.97823
8.64605
27.8373
-2.9798
8.62111
27.993
-2.98107
8.59596
28.1501
-2.98326
8.57112
28.3061
-2.98372
8.54667
28.4607
-2.98541
8.52206
28.6189
-2.98712
8.49897
28.7742
-2.98858
8.47508
28.9305
-2.99047
8.4514
29.087
-2.99155
8.42825
29.2436
-2.99301
8.40518
29.3999
-2.99348
8.38124
29.5579
-2.98898
8.35713
29.7141
-2.98771
8.33341
29.8709
-2.98875
8.31111
30.0283
-2.99055
8.29016
30.1809
-2.99286
8.26949
30.3373
-2.99523
8.2482
30.4925
-2.99717
8.2275
30.6489
-2.99942
8.2067
30.8044
-3.00043
8.18967
30.9599
-3.00204
8.17642
31.1554
-3.00507
8.1669
31.3096
-3.00649
8.15698
31.4631
-3.00876
8.14403
31.6599
-3.01119
8.13216
31.8158
-3.01294
8.1223
31.97
-3.01535
8.108
32.1523
-3.01736
8.09099
32.3351
-3.01976
8.07144
32.4951
-3.01712
8.05174
32.6507
-3.01418
8.03219
32.8081
-3.01324
8.01336
32.9643
-3.01424
7.99431
33.1203
-3.01595
7.97522
33.2773
-3.01851
7.9574
33.4329
-3.0201
7.9393
33.5896
-3.02078
7.9213
33.7465
-3.02272
7.90339
33.9031
-3.0227
7.88459
34.06
-3.02211
7.8655
34.2184
-3.01948
7.84579
34.3763
-3.01438
7.82499
34.5347
-3.00657
7.80278
34.6931
-2.9974
7.7789
34.8512
-2.98609
7.75287
35.0109
-2.97443
7.72534
35.1684
-2.96274
7.69673
35.3253
-2.95482
7.66921
35.4834
-2.95435
7.64515
35.6383
-2.95512
7.61559
35.7947
-2.95094
7.58334
35.9817
-2.95591
7.55437
36.1505
-2.96913
7.53536
36.3104
-2.98589
6.14779
39.3023
7.52076
36.458
-2.9824
7.49593
36.5984
-2.9903
6.52003
38.0006
7.47044
36.7488
-2.99099
7.44063
36.9245
-2.98313
7.50769
40.5256
7.40727
37.1177
-2.96116
7.3754
37.28
-2.93304
7.64569
39.7717
7.33669
37.4726
-2.90507
7.30414
37.6405
-2.88033
5.69995
40.8335
7.27642
37.7888
-2.86096
7.24692
37.9548
-2.84817
7.21879
38.114
-2.84104
7.17985
38.3038
-2.83259
7.14124
38.4619
-2.81519
7.1794
41.8907
7.09996
38.6198
-2.80074
7.05928
38.7794
-2.78873
7.01623
38.9419
-2.77941
6.97569
39.094
-2.77872
6.93846
39.2464
-2.78234
6.89425
39.4261
-2.78771
6.85797
39.583
-2.79455
6.81986
39.7382
-2.79587
6.76626
39.901
-2.78381
6.69367
40.0697
-2.7968
6.13969
43.5942
6.62186
40.2335
-2.72686
6.55581
40.37
-2.65568
6.48288
40.5122
-2.58528
6.41147
40.6554
-2.53909
4.39317
43.7817
6.31799
40.8201
-2.67035
6.24622
40.9629
-2.67136
6.17176
41.106
-2.62258
6.08279
41.2449
-2.49308
5.98028
41.3766
-2.41263
5.86467
41.5056
-2.32301
5.7387
41.6271
-2.22548
1.65032
41.8618
3.96486
41.8168
5.60942
41.7399
-2.17797
5.46694
41.8518
-2.14062
2.59744
43.5923
5.33165
41.9473
-2.09853
5.19087
42.0369
-2.05462
5.05183
42.1197
-2.01732
4.91155
42.1988
-1.98286
4.76802
42.2769
-1.93781
4.59181
42.3568
-1.89022
4.43139
42.4091
-1.82965
4.27102
42.4449
-1.75215
1.32099
43.5429
4.10722
42.471
-1.68748
3.94179
42.4918
-1.63692
3.77814
42.5044
-1.58285
0.0114514
41.8079
3.61683
42.5199
-1.5586
3.4597
42.5339
-1.55889
3.30173
42.5459
-1.55771
3.14612
42.5562
-1.55632
2.98868
42.5669
-1.55421
2.82937
42.5713
-1.53625
2.67143
42.5752
-1.51785
2.50977
42.5774
-1.49573
2.35145
42.582
-1.48621
2.19373
42.593
-1.48756
2.00246
42.6064
-1.48921
-1.82655
41.7476
-0.189962
43.4968
1.8123
42.6201
-1.49226
1.62029
42.6342
-1.49522
-1.3197
43.434
1.42825
42.6467
-1.49876
1.27416
42.6583
-1.49997
1.08198
42.6746
-1.5041
0.927103
42.6872
-1.50545
-2.7203
43.4324
0.73056
42.6888
-1.49561
0.572482
42.6868
-1.49219
0.417379
42.6874
-1.49256
0.25877
42.6875
-1.49144
0.099387
42.6852
-1.48588
-0.0563542
42.6814
-1.47907
-0.209995
42.6788
-1.47791
-0.365555
42.6759
-1.47662
-0.524052
42.6702
-1.47057
-0.681221
42.6636
-1.46658
-0.838927
42.6551
-1.46056
-4.38805
43.2195
-0.996481
42.646
-1.45413
-1.15138
42.6393
-1.45147
-1.30952
42.642
-1.45239
-1.46317
42.6431
-1.45328
-1.62121
42.6431
-1.45621
-1.77762
42.643
-1.45881
-1.93586
42.6415
-1.46208
-2.1239
42.6406
-1.46555
-2.28192
42.6395
-1.4667
-2.44313
42.6327
-1.45994
-6.00995
41.5485
-2.60283
42.6175
-1.44504
-2.76241
42.6016
-1.43372
-2.92264
42.5807
-1.41719
-4.44522
41.5893
-3.08426
42.5543
-1.3947
-3.2419
42.5254
-1.38032
-3.40252
42.4943
-1.36702
-3.5583
42.466
-1.35784
-6.6006
42.96
-3.71019
42.453
-1.3598
-3.8662
42.4416
-1.36227
-4.04839
42.4259
-1.41094
-4.22725
42.4206
-1.49267
-4.4264
42.4088
-1.48384
-4.61674
42.4139
-1.47789
-4.78006
42.4004
-1.44238
-4.9443
42.3827
-1.41376
-8.41637
42.9042
-5.10808
42.3639
-1.3914
-5.26907
42.3456
-1.37248
-5.42963
42.3304
-1.36274
-5.59071
42.3231
-1.36589
-5.75108
42.3168
-1.36787
-7.54433
41.1642
-5.94373
42.3099
-1.36697
-6.10632
42.3009
-1.35914
-6.26913
42.2957
-1.36141
-6.43055
42.2923
-1.36473
-10.2906
42.7551
-6.58937
42.2895
-1.3676
-9.85068
41.2578
-6.74973
42.2867
-1.37094
-6.90813
42.2829
-1.37404
-7.06614
42.2774
-1.37617
-7.22271
42.2716
-1.37815
-7.40696
42.2654
-1.38102
-7.58769
42.2581
-1.38345
-7.7439
42.2493
-1.3862
-7.93566
42.2294
-1.38969
-8.08679
42.2036
-1.39073
-8.27463
42.175
-1.39252
-8.46424
42.1462
-1.39416
-11.9398
42.5661
-11.5725
40.9834
-8.65297
42.1184
-1.39751
-8.80407
42.1017
-1.40562
-12.0851
40.7147
-8.99717
42.0793
-1.40817
-9.15153
42.0569
-1.40966
-9.30714
42.0318
-1.41147
-9.46381
42.007
-1.41441
-13.2976
42.4105
-9.61839
41.9852
-1.41497
-12.8269
42.6917
-9.81195
41.9564
-1.41737
-9.99475
41.9284
-1.41943
-10.1493
41.9049
-1.41996
-10.3032
41.8816
-1.42107
-12.8885
40.6729
-10.4612
41.8579
-1.42287
-10.6453
41.8316
-1.42462
-10.7969
41.8164
-1.42604
-10.9763
41.7989
-1.42739
-11.1271
41.7831
-1.42871
-11.2782
41.7687
-1.43092
-11.4307
41.7573
-1.43259
-14.383
40.4707
-11.5862
41.7399
-1.43463
-11.742
41.719
-1.43442
-14.9899
42.1048
-11.9289
41.6931
-1.43073
-12.0864
41.6671
-1.4171
-12.2439
41.6372
-1.40044
-16.0032
41.8076
-12.3986
41.6137
-1.39982
-12.5928
41.5883
-1.40216
-16.1386
40.3298
-12.7865
41.5608
-1.40496
-12.971
41.5312
-1.40607
-13.1281
41.505
-1.40481
-13.2817
41.4794
-1.40654
-13.4639
41.4505
-1.40857
-13.6211
41.4268
-1.41
-13.8165
41.4006
-1.41203
-13.9712
41.3846
-1.41334
-17.5573
41.8665
-14.1655
41.3672
-1.41602
-15.0955
40.1159
-14.3621
41.3501
-1.41965
-14.5557
41.3338
-1.42151
-14.7104
41.3211
-1.423
-18.184
40.0227
-14.8628
41.3088
-1.42435
-15.0584
41.2934
-1.42629
-15.2513
41.2786
-1.42843
-15.4035
41.2672
-1.43041
-19.0461
41.6892
-15.5984
41.2531
-1.43304
-15.7664
41.2306
-1.43381
-15.96
41.2053
-1.43556
-16.1506
41.1851
-1.4383
-16.3267
41.1658
-1.43904
-16.5168
41.1477
-1.44184
-19.5016
40.1052
-16.7061
41.1312
-1.44412
-16.8574
41.1159
-1.446
-17.0089
41.0991
-1.44813
-17.1997
41.084
-1.44952
-20.7504
41.5751
-20.4794
40.1061
-17.3503
41.0732
-1.45136
-17.5388
41.0603
-1.45351
-17.7297
41.0473
-1.45512
-17.9211
41.0332
-1.45758
-18.1131
41.0197
-1.45952
-18.3015
41.0084
-1.46234
-18.4937
40.9966
-1.46425
-18.6456
40.9855
-1.46657
-18.8396
40.9735
-1.46953
-22.3739
39.9346
-21.9656
41.7907
-18.9937
40.9642
-1.47078
-19.1468
40.9558
-1.47291
-19.3408
40.946
-1.47483
-19.5347
40.9361
-1.4773
-19.6889
40.9248
-1.47753
-23.289
41.7394
-19.8834
40.9122
-1.47925
-20.9451
39.7423
-20.0769
40.8999
-1.48275
-20.2307
40.8915
-1.48505
-20.3849
40.8834
-1.48742
-20.5396
40.8738
-1.49044
-20.7367
40.8622
-1.49263
-20.8921
40.8551
-1.49502
-21.0875
40.8495
-1.49679
-21.2432
40.8414
-1.49822
-24.5144
39.4193
-21.3996
40.8321
-1.49968
-21.5539
40.8241
-1.50038
-21.7091
40.8182
-1.50167
-21.8661
40.8085
-1.50176
-24.6667
41.2452
-22.0205
40.8016
-1.50356
-22.1775
40.7956
-1.50703
-22.335
40.7895
-1.50921
-22.4937
40.7838
-1.51122
-26.0481
40.8228
-22.651
40.7779
-1.51426
-22.8095
40.7693
-1.5116
-23.6413
39.3869
-22.9693
40.7592
-1.50276
-23.1293
40.7475
-1.4907
-26.7227
39.4493
-23.2943
40.7314
-1.46124
-23.4629
40.7069
-1.37683
-23.6277
40.6689
-1.26206
-23.7955
40.6303
-1.19508
-23.9601
40.5882
-1.16127
-24.1102
40.5328
-1.14161
-26.9672
37.8824
-25.6444
37.6898
-24.2723
40.4734
-1.08152
-24.4332
40.4053
-1.00763
-24.5915
40.3251
-0.936862
-25.705
36.3727
-24.7418
40.2335
-0.861922
-24.9109
40.1162
-0.781972
-25.0492
40.0083
-0.720172
-25.176
39.898
-0.668062
-26.6166
36.4508
-25.2978
39.7825
-0.624222
-25.4131
39.6611
-0.581722
-25.4987
39.5313
-0.571732
-25.5815
39.4038
-0.569752
-25.6647
39.2632
-0.551842
-25.7371
39.13
-0.475442
-27.3271
37.456
-25.8125
38.9811
-0.376472
-25.8799
38.8359
-0.338602
-25.9449
38.6917
-0.311482
-26.006
38.5436
-0.279572
-26.0633
38.3937
-0.248972
-26.1097
38.2413
-0.213592
-26.1578
38.1008
-0.194682
-26.2099
37.9461
-0.172682
-26.2583
37.7979
-0.165732
-26.3054
37.6456
-0.156592
-26.3465
37.4965
-0.142552
-26.3662
37.3365
-0.100022
-27.0537
34.0404
-25.6414
34.9331
-26.3821
37.1786
-0.0636918
-26.3915
37.0171
-0.0255118
-26.3914
36.8267
0.0246582
-26.3936
36.6784
0.0545982
-26.4036
36.5278
0.0537582
-26.4077
36.371
0.0533582
-26.3986
36.191
0.0594182
-26.9821
32.2877
-25.7337
32.7785
-26.3957
36.0334
0.0628682
-27.1693
34.6719
-26.3594
35.8657
0.119238
-26.3493
35.6696
0.123398
-24.0908
33.0883
-27.0355
33.0249
-26.3185
35.4884
0.147108
-25.7124
32.0288
-26.8331
34.252
-26.3074
35.3007
0.145878
-26.2987
35.1175
0.144958
-26.2473
34.9356
0.214618
-26.177
34.7641
0.294428
-26.1364
34.6117
0.310838
-25.6103
30.9678
-26.8903
30.93
-26.0738
34.47
0.363368
-25.9983
34.3341
0.467638
-25.9127
34.2
0.570388
-25.5329
30.211
-25.8178
34.0654
0.660428
-25.7146
33.9416
0.827278
-25.5927
33.8356
1.00282
-25.4643
33.7566
1.21144
-25.3874
33.7226
1.43911
-25.3188
33.7055
1.68126
-24.5248
34.7386
-25.2397
33.7084
1.96283
-25.1637
33.7339
2.1834
-25.094
33.7722
2.42503
-25.0382
33.8149
2.68907
-24.9975
33.8809
2.98064
-24.9769
33.9583
-3.02317
-24.967
34.0131
-2.74256
-24.9774
34.0687
-2.47658
-25.007
34.1169
-2.2337
-25.0463
34.1585
-1.99046
-25.0936
34.1957
-1.70603
-25.1605
34.2171
-1.43066
-25.2477
34.216
-1.19039
-25.3538
34.1854
-1.01118
-25.4974
34.1042
-0.860167
-25.6258
34.0019
-0.705647
-25.7434
33.8782
-0.561027
-25.8455
33.7406
-0.440077
-25.9388
33.5941
-0.367207
-26.0385
33.4176
-0.308147
-26.1138
33.2669
-0.273427
-26.1808
33.1138
-0.239597
-26.2358
32.9549
-0.195687
-26.2818
32.7929
-0.150427
-27.1126
29.2475
-26.3195
32.6281
-0.104367
-26.3479
32.4605
-0.0517672
-26.3775
32.2802
-0.0144772
-26.3985
32.1198
-0.00345715
-25.757
28.4103
-26.4083
31.9553
0.0238528
-26.4069
31.789
0.0626628
-26.4202
31.6271
0.0717428
-26.4394
31.4667
0.0714628
-26.4599
31.3061
0.0686028
-26.4792
31.1466
0.0671728
-27.2266
27.4972
-26.4906
30.9844
0.0740828
-26.5039
30.826
0.0721928
-26.5155
30.665
0.0726528
-26.522
30.5048
0.0811128
-26.5239
30.3415
0.0941828
-26.5292
30.1514
0.100563
-25.8279
26.5138
-26.5332
29.9906
0.108083
-26.5368
29.829
0.115733
-27.3118
26.1204
-26.5394
29.6659
0.123003
-25.8908
25.801
-26.5484
29.5092
0.120843
-26.5555
29.3526
0.118943
-26.562
29.1967
0.116503
-27.3111
25.3554
-26.5662
29.0384
0.114173
-26.5638
28.879
0.114593
-26.5622
28.72
0.114063
-26.5611
28.5634
0.111383
-26.5622
28.3655
0.109003
-26.5663
28.1706
0.106083
-25.9831
24.6566
-26.5688
28.0165
0.104393
-26.5724
27.8196
0.101493
-26.5756
27.665
0.0992528
-27.4288
23.8785
-26.5806
27.4681
0.0965528
-26.5928
27.3141
0.0940128
-26.6075
27.1216
0.0859028
-26.6202
26.9705
0.0777028
-26.6358
26.7755
0.0729828
-26.6476
26.6068
0.0703228
-27.4903
22.9022
-26.6576
26.4509
0.0682028
-26.1256
22.7914
-26.6618
26.2932
0.0663728
-26.6645
26.1355
0.0641228
-26.6671
25.9791
0.0619328
-26.6708
25.8212
0.0602828
-27.5057
22.1723
-26.6702
25.6611
0.0670328
-26.6759
25.5058
0.0649628
-26.2258
21.6104
-26.6835
25.3224
0.0623728
-26.6899
25.1671
0.0602328
-26.6972
25.0102
0.0606428
-26.7094
24.8528
0.0583828
-26.7238
24.6956
0.0560228
-26.7238
24.5336
0.0711828
-27.6837
20.7267
-26.7115
24.3698
0.0966428
-26.2896
20.4815
-26.6952
24.2043
0.135243
-26.6837
24.0413
0.156603
-26.6872
23.8822
0.154153
-26.6904
23.7249
0.151743
-26.6923
23.5713
0.143083
-26.6789
23.4015
0.0396128
-26.6832
23.2377
-0.0942272
-26.7024
23.1129
-0.207597
-26.7363
22.9918
-0.333567
-26.4202
19.1709
-26.804
22.862
-0.482237
-27.9592
19.0655
-28.9406
22.1835
-26.8948
22.7144
-0.578417
-26.5353
18.5145
-26.9989
22.5881
-0.717497
-28.5854
22.7041
-27.1129
22.4804
-0.875697
-27.2116
22.41
-1.01658
-29.8728
23.1925
-27.3334
22.3476
-1.18478
-27.4364
22.3169
-1.37705
-27.5805
22.2957
-1.4641
-27.7201
22.2871
-1.56088
-27.8452
22.2938
-1.68828
-27.9909
22.3166
-1.73887
-28.1172
22.3478
-1.62393
-28.2406
22.3676
-1.53266
-28.2867
22.3944
-1.35765
-28.3785
22.4215
-1.19123
-28.4359
22.4316
-0.973497
-28.483
22.4219
-0.768877
-28.5244
22.4096
-0.578117
-28.5516
22.3719
-0.383607
-28.5616
22.3471
-0.192497
-28.5721
22.3114
0.00401285
-28.5881
22.2777
0.212993
-28.6076
22.2438
0.431843
-28.6282
22.2254
0.641493
-28.6585
22.2176
0.863073
-28.6799
22.2164
1.06392
-28.6826
22.2316
1.27308
-28.6663
22.2445
1.45462
-28.6156
22.2316
1.62652
-28.4862
22.2221
1.56705
-28.3198
22.225
1.67597
-28.1606
22.2405
1.61694
-27.9944
22.2479
1.5967
-27.8236
22.2493
1.5942
-27.7164
22.248
1.40839
-27.605
22.2221
1.23811
-27.4533
22.159
1.10604
-27.3561
22.1023
0.927563
-27.2754
22.0221
0.757723
-27.2136
21.9508
0.541673
-27.1631
21.8506
0.395583
-27.1197
21.6786
0.307433
-27.0943
21.5048
0.228193
-27.0831
21.3293
0.144723
-27.0844
21.1513
0.0687428
-27.0887
20.9643
0.0416328
-27.0974
20.8168
0.0210428
-27.1033
20.6319
-0.0161572
-27.1158
20.4852
-0.0328672
-27.1337
20.3307
-0.0353172
-27.1474
20.1337
-0.0370172
-27.1497
19.9795
-0.0396572
-27.1458
19.8246
-0.0407772
-28.8123
18.1924
-27.1557
19.6391
-0.0768272
-27.1796
19.4663
-0.165427
-27.2179
19.3094
-0.306047
-27.2638
19.1885
-0.418417
-29.6727
18.3717
-27.3392
19.0423
-0.548477
-30.5523
18.3336
-27.4323
18.9023
-0.666237
-27.5436
18.7735
-0.766997
-27.6341
18.6911
-0.898197
-31.4338
19.0592
-27.7364
18.6202
-1.02897
-27.8447
18.5645
-1.16034
-30.7155
19.654
-29.8783
19.4852
-28.0036
18.5047
-1.25309
-28.165
18.468
-1.38476
-28.2813
18.4549
-1.53264
-28.3978
18.4593
-1.68211
-29.158
19.4859
-28.5626
18.4829
-1.7997
-28.7481
18.5195
-1.81516
-28.9307
18.5681
-1.83898
-29.0816
18.6191
-1.82696
-29.2566
18.6784
-1.87834
-29.3703
18.7264
-1.99939
-29.5185
18.8087
-2.1078
-29.6489
18.8866
-2.11009
-29.8113
18.9995
-2.0581
-29.938
19.075
-1.91185
-30.0592
19.1225
-1.77833
-30.1779
19.1594
-1.58862
-30.2594
19.1826
-1.27411
-30.312
19.1861
-1.06287
-30.3652
19.1793
-0.848997
-30.4331
19.1484
-0.586187
-30.4941
19.1108
-0.299727
-30.5361
19.0607
-0.0260272
-30.5625
19.0039
0.263333
-30.5796
18.9506
0.510513
-30.5598
18.8814
0.787363
-28.8093
18.9075
-30.4982
18.7894
1.02003
-30.3876
18.6968
1.2561
-30.2357
18.6215
1.41325
-30.0756
18.5736
1.58109
-29.9243
18.5628
1.68657
-29.7738
18.5658
1.67368
-29.5955
18.5618
1.59666
-29.4245
18.5432
1.49441
-29.248
18.5207
1.43158
-29.0625
18.493
1.41389
-28.8755
18.4592
1.40394
-28.7294
18.4286
1.39754
-28.5459
18.3851
1.37984
-28.3639
18.3352
1.35548
-28.192
18.2831
1.29325
-28.0613
18.2308
1.09798
-27.9784
18.1782
0.917513
-27.9018
18.1079
0.740263
-27.8384
18.0253
0.568883
-27.787
17.9287
0.400483
-27.7477
17.8157
0.257513
-27.7238
17.6503
0.135813
-27.7251
17.484
0.00248285
-27.7507
17.3176
-0.126387
-27.7931
17.142
-0.198537
-27.8379
16.9834
-0.254487
-27.888
16.8051
-0.281147
-27.9433
16.6305
-0.308107
-27.9988
16.4416
-0.303767
-28.0454
16.2928
-0.301327
-28.0828
16.1415
-0.271977
-28.1086
15.9872
-0.227847
-28.1529
15.8415
-0.228737
-28.2028
15.6959
-0.230787
-28.2331
15.5123
-0.184387
-28.2427
15.3544
-0.128747
-28.2655
15.1973
-0.125767
-28.286
15.0389
-0.115797
-28.3027
14.8794
-0.0941772
-28.3189
14.6903
-0.0936572
-28.3451
14.4958
-0.0958572
-28.3638
14.3398
-0.0980372
-28.3838
14.1436
-0.100137
-28.4039
13.9447
-0.0996072
-28.4222
13.7619
-0.100087
-28.4377
13.6089
-0.101677
-28.4577
13.4148
-0.104377
-28.4594
13.2572
-0.0854572
-28.4595
13.0985
-0.0799072
-28.4528
12.9397
-0.0625272
-28.4439
12.7824
-0.0521772
-28.4308
12.625
-0.0339572
-28.4192
12.4655
-0.0256272
-28.4082
12.306
-0.0119872
-28.4025
12.1476
-0.00478715
-28.4025
11.9923
-0.00600715
-28.4058
11.7952
-0.00713715
-28.4106
11.6404
-0.00908715
-28.4248
11.448
-0.0114772
-28.4412
11.2292
-0.0145072
-28.4601
11.0398
-0.0255872
-28.4777
10.8587
-0.0675372
-28.5014
10.6871
-0.149967
-28.5416
10.5192
-0.238447
-28.5942
10.3562
-0.331487
-28.6644
10.1978
-0.410507
-28.7476
10.0423
-0.481307
-28.8395
9.88773
-0.523877
-28.9381
9.7335
-0.553437
-29.0273
9.56592
-0.555147
-29.0882
9.42508
-0.551937
-29.1375
9.27173
-0.479327
-29.1881
9.12178
-0.443667
-29.2527
8.97547
-0.432677
-29.3157
8.82685
-0.413087
-29.3718
8.67519
-0.390627
-29.4211
8.52024
-0.363837
-29.4573
8.3617
-0.322427
-29.4945
8.20376
-0.298947
-29.5319
8.04474
-0.279007
-29.5735
7.88864
-0.257357
-29.6132
7.72919
-0.229517
-29.6406
7.56616
-0.186047
-29.6587
7.40366
-0.145137
-29.6794
7.24372
-0.120127
-29.7064
7.08764
-0.114357
-29.7205
6.92501
-0.0489772
-29.7106
6.76276
0.0546228
-29.6896
6.60057
0.159733
-29.6454
6.41235
0.291943
-29.5876
6.25758
0.406723
-29.5142
6.11085
0.521833
-29.4235
5.97793
0.668853
-29.313
5.86077
0.841643
-29.1848
5.76471
1.01353
-29.0414
5.69145
1.18091
-28.8858
5.64178
1.34074
-28.7231
5.61539
1.49043
-28.5506
5.59475
1.58615
-28.3801
5.58573
1.65081
-28.1917
5.57853
1.61724
-27.9928
5.56434
1.52539
-27.8183
5.54068
1.44421
-27.6365
5.51687
1.39701
-27.4512
5.49306
1.3683
-27.2597
5.47331
1.35676
-27.1064
5.46947
1.35069
-26.9107
5.45606
1.34752
-26.7532
5.44329
1.35271
-26.5928
5.42213
1.36798
-26.4352
5.39409
1.37214
-26.2822
5.35596
1.37139
-26.1378
5.31038
1.36907
-25.9887
5.27038
1.36762
-25.839
5.23339
1.36595
-25.6538
5.18224
1.36184
-25.4636
5.13758
1.36049
-25.3063
5.12332
1.36535
-25.1531
5.10054
1.36377
-24.9992
5.0752
1.36235
-24.785
5.02981
1.35927
-24.6299
5.00934
1.36344
-24.4504
4.99627
1.3752
-24.3027
4.96722
1.373
-24.1308
4.93229
1.36746
-23.9477
4.89083
1.35583
-23.7726
4.84056
1.34081
-23.5842
4.8069
1.33891
-23.4036
4.77642
1.31729
-23.2276
4.72662
1.2662
-23.0636
4.66677
1.17336
-22.9168
4.59333
1.03184
-22.7503
4.52375
0.950303
-22.6009
4.43909
0.838103
-22.4885
4.322
0.687443
-22.3879
4.1887
0.555783
-22.6784
2.7603
-22.2858
4.05062
0.440473
-23.1994
0.287436
-22.2151
3.9002
0.304473
-22.1591
3.74105
0.179643
-23.9726
0.708541
-22.1301
3.57532
0.0501128
-23.7824
1.65071
-23.2099
2.34588
-22.1282
3.40898
-0.0836172
-22.1443
3.27791
-0.180657
-22.1747
3.10661
-0.280487
-22.2216
2.93688
-0.367887
-22.2719
2.77406
-0.356747
-23.3452
-0.711233
-22.3323
2.62734
-0.357507
-22.2826
-0.346155
-22.3886
2.47565
-0.345997
-22.4426
2.32298
-0.331897
-22.8283
-1.38499
-22.502
2.14321
-0.317347
-22.5513
1.98991
-0.301987
-22.5969
1.83447
-0.271157
-22.6379
1.65111
-0.264217
-23.6829
-1.69841
-22.6792
1.49226
-0.264897
-22.7163
1.35742
-0.255737
-22.7503
1.22457
-0.250007
-22.7708
1.09521
-0.155137
-22.7643
0.922128
-0.147257
-22.7704
0.761405
-0.107027
-22.7805
0.593305
-0.0525172
-23.9622
-2.98414
-23.1712
-2.89628
-22.7844
0.428711
-0.0177272
-22.7904
0.266521
-0.00106715
-22.8117
0.112744
-0.0125972
-22.8363
-0.0659805
-0.0737972
-22.8717
-0.244558
-0.135837
-22.9161
-0.423126
-0.186877
-22.9662
-0.600854
-0.233207
-23.017
-0.783749
-0.256837
-23.0552
-0.931168
-0.260237
-23.1075
-1.1163
-0.270647
-24.1649
-4.37905
-23.1522
-1.25815
-0.281217
-23.1953
-1.40663
-0.283527
-23.2374
-1.55466
-0.286007
-23.2923
-1.74287
-0.288267
-23.3367
-1.89207
-0.290257
-22.9171
-4.52944
-23.3802
-2.04248
-0.292137
-23.4203
-2.19545
-0.293517
-23.4631
-2.34577
-0.295927
-23.5061
-2.49682
-0.297347
-23.5332
-2.65571
-0.279937
-23.5557
-2.81466
-0.267577
-23.4249
-5.35019
-23.5846
-2.9702
-0.266397
-23.6122
-3.13219
-0.243237
-23.6456
-3.29372
-0.218487
-23.6777
-3.4546
-0.196047
-25.3386
-6.35054
-23.7079
-3.61615
-0.173547
-23.7349
-3.77721
-0.153237
-23.7642
-3.93655
-0.142057
-23.7924
-4.0949
-0.136607
-23.7513
-7.74793
-23.007
-7.68431
-22.8293
-6.49554
-24.8805
-5.21673
-23.8177
-4.25356
-0.129427
-23.8385
-4.41405
-0.116717
-24.8846
-7.37741
-23.8671
-4.57138
-0.116007
-23.9018
-4.7259
-0.117827
-23.9365
-4.88019
-0.120367
-23.9683
-5.03536
-0.122367
-23.9998
-5.1912
-0.123987
-24.0336
-5.34436
-0.126887
-24.3811
-8.46753
-24.0706
-5.53158
-0.144017
-24.1105
-5.71634
-0.168067
-24.1544
-5.90134
-0.190567
-24.2029
-6.08397
-0.217327
-24.2565
-6.26559
-0.242347
-24.2977
-6.41072
-0.250717
-24.349
-6.59662
-0.257707
-24.4043
-6.77984
-0.268257
-24.4601
-6.96455
-0.273707
-24.5017
-7.11274
-0.276227
-24.5438
-7.26103
-0.277787
-24.5936
-7.43357
-0.282937
-24.6369
-7.57787
-0.286797
-24.6814
-7.72472
-0.290547
-24.7353
-7.9119
-0.293217
-24.7864
-8.08831
-0.294167
-24.8291
-8.23548
-0.295927
-24.876
-8.40605
-0.298177
-24.913
-8.59261
-0.295297
-24.9497
-8.76936
-0.296557
-24.9654
-8.93307
-0.255137
-24.9608
-9.08457
-0.183787
-24.9347
-9.24543
-0.0555172
-24.89
-9.39345
0.115773
-24.8324
-9.53879
0.285623
-24.7601
-9.69776
0.446963
-24.6723
-9.83095
0.597463
-24.5658
-9.95096
0.741643
-24.4483
-10.0667
0.845253
-24.3318
-10.1644
0.928683
-24.2027
-10.2782
0.985763
-24.0708
-10.3879
1.04215
-23.9309
-10.4906
1.10146
-23.7855
-10.582
1.15638
-23.6388
-10.6567
1.18105
-23.4933
-10.7306
1.19856
-23.3447
-10.801
1.2254
-23.1956
-10.8693
1.25125
-23.0436
-10.9322
1.27904
-22.8906
-10.9927
1.30139
-22.7358
-11.048
1.32853
-22.5792
-11.1006
1.3581
-22.4236
-11.1507
1.37666
-22.2689
-11.1934
1.38536
-22.1156
-11.2315
1.38408
-21.9641
-11.2708
1.38318
-21.8102
-11.3113
1.38319
-21.6573
-11.3519
1.38332
-21.5036
-11.3894
1.38939
-21.3438
-11.4231
1.40504
-21.1848
-11.4525
1.42577
-21.0227
-11.4785
1.45001
-20.8605
-11.4997
1.47338
-20.694
-11.5087
1.51456
-20.5272
-11.5144
1.55111
-20.3596
-11.5099
1.59718
-20.1906
-11.4963
1.64692
-20.024
-11.4741
1.70548
-19.859
-11.4423
1.76584
-19.6954
-11.4015
1.82158
-19.5335
-11.3537
1.87132
-19.3752
-11.297
1.92558
-19.2178
-11.2326
1.97845
-19.0667
-11.1601
2.03476
-18.9183
-11.0794
2.08973
-18.7786
-10.99
2.17309
-18.6487
-10.89
2.27797
-18.5266
-10.7751
2.37523
-18.4179
-10.6503
2.47571
-18.3228
-10.5157
2.57532
-18.2426
-10.371
2.65802
-18.1766
-10.221
2.73832
-18.1192
-10.0654
2.80113
-18.059
-9.91351
2.82197
-17.9849
-9.74237
2.79487
-17.9089
-9.5778
2.73685
-17.83
-9.42797
2.63558
-17.7356
-9.28513
2.53191
-17.6288
-9.15427
2.42364
-17.5096
-9.03584
2.3121
-17.3836
-8.93494
2.16793
-17.2441
-8.85388
2.02789
-17.1007
-8.79169
1.86144
-16.9848
-8.75831
1.71068
-14.11
-10.4633
-16.8763
-8.7425
1.5173
-16.7669
-8.74937
1.3242
-16.5869
-8.79395
1.29183
-16.4019
-8.84249
1.28488
-16.2573
-8.88299
1.28208
-12.406
-8.63209
-16.0707
-8.93927
1.27737
-15.9203
-8.97896
1.27608
-12.3668
-9.68139
-12.9881
-10.4639
-15.7431
-9.0273
1.27401
-15.5917
-9.06875
1.27365
-15.4296
-9.12227
1.33138
-15.2642
-9.16703
1.39288
-11.9192
-10.6047
-15.1068
-9.19854
1.4181
-13.389
-7.9743
-14.9502
-9.2222
1.42195
-14.7847
-9.24298
1.50963
-14.6321
-9.25445
1.51553
-14.4764
-9.27016
1.41834
-14.2867
-9.29098
1.41802
-14.1302
-9.30999
1.46035
-13.9535
-9.33504
1.39194
-13.7844
-9.36941
1.29713
-13.6274
-9.4018
1.13923
-13.518
-9.42945
0.930063
-13.4275
-9.47173
0.669233
-13.3488
-9.53038
0.386303
-13.3074
-9.5819
0.0925328
-13.2848
-9.63702
-0.173427
-13.2787
-9.69541
-0.422247
-13.2848
-9.75
-0.684007
-13.3005
-9.79331
-0.972957
-13.325
-9.83556
-1.29224
-13.356
-9.85938
-1.54297
-13.3965
-9.87552
-1.83529
