0,0,3
1,3,2
2,5,2
3,7,2
4,9,2
5,11,2
6,13,2
7,15,3
8,18,2
11,20,2
16,22,3
24,25,3
32,28,3
38,31,3
46,34,3
54,37,3
60,40,3
64,43,3
65,46,2
69,48,3
72,51,2
75,53,3
81,56,3
87,59,3
93,62,3
97,65,3
101,68,3
102,71,2
105,73,3
108,76,2
109,78,3
113,81,3
116,84,3
119,87,3
122,90,3
125,93,3
128,96,3
131,99,3
132,102,2
133,104,2
135,106,2
136,108,3
141,111,3
146,114,3
147,117,2
152,119,3
157,122,3
158,125,2
162,127,3
167,130,3
172,133,3
175,136,2
177,138,3
183,141,2
184,143,3
190,146,3
195,149,3
199,152,3
200,155,2
204,157,3
209,160,3
214,163,3
218,166,3
222,169,3
226,172,3
228,175,2
231,177,3
234,180,2
237,182,3
242,185,3
247,188,3
252,191,3
253,194,2
258,196,3
264,199,3
269,202,3
274,205,3
279,208,3
284,211,3
285,214,2
290,216,3
296,219,3
297,222,2
303,224,3
310,227,3
311,230,2
318,232,3
325,235,3
331,238,3
336,241,3
342,244,3
348,247,3
354,250,3
355,253,2
360,255,3
364,258,3
365,261,2
369,263,3
373,266,2
376,268,3
383,271,3
390,274,3
397,277,3
403,280,3
408,283,3
413,286,3
417,289,3
418,292,2
422,294,3
427,297,3
428,300,2
432,302,3
437,305,3
438,308,2
443,310,3
449,313,3
455,316,3
456,319,2
461,321,3
468,324,3
474,327,3
475,330,2
480,332,3
486,335,3
492,338,3
498,341,3
504,344,3
505,347,2
511,349,3
518,352,3
519,355,2
526,357,3
534,360,3
541,363,3
547,366,3
553,369,3
554,372,2
560,374,3
561,377,2
567,379,3
574,382,3
581,385,3
588,388,3
594,391,3
600,394,3
606,397,3
611,400,3
616,403,3
617,406,2
622,408,3
623,411,2
624,413,2
629,415,3
631,418,2
636,420,3
642,423,3
650,426,3
651,429,2
658,431,3
666,434,3
667,437,2
675,439,3
683,442,3
691,445,3
693,448,2
700,450,3
701,453,2
708,455,2
711,457,3
720,460,3
729,463,3
730,466,2
738,468,3
747,471,3
748,474,2
749,476,2
756,478,3
764,481,3
771,484,3
777,487,3
779,490,2
781,492,2
784,494,3
790,497,3
796,500,3
803,503,3
806,506,2
811,508,3
818,511,3
819,514,2
826,516,3
827,519,2
834,521,3
842,524,3
849,527,3
853,530,2
856,532,3
857,535,2
861,537,2
863,539,3
869,542,3
873,545,3
877,548,3
881,551,3
885,554,3
889,557,3
891,560,2
894,562,3
898,565,3
902,568,3
906,571,3
909,574,3
911,577,2
913,579,3
917,582,3
920,585,3
923,588,3
926,591,3
929,594,3
932,597,3
934,600,3
936,603,3
937,606,3
938,609,3
939,612,3
940,615,3
941,618,3
942,621,3
943,624,3
944,627,3
945,630,3
946,633,3
948,636,3
951,639,3
954,642,3
958,645,3
962,648,3
967,651,3
970,654,3
974,657,3
978,660,3
981,663,3
985,666,3
988,669,3
991,672,3
995,675,3
998,678,3
1002,681,3
1006,684,3
1009,687,3
1013,690,3
1017,693,3
1022,696,3
1027,699,3
1031,702,3
1035,705,3
1038,708,3
1042,711,3
1043,714,2
1047,716,3
1049,719,2
1052,721,3
1060,724,3
1068,727,3
1076,730,3
1083,733,3
1090,736,3
1096,739,3
1097,742,2
1103,744,3
1109,747,3
1110,750,2
1116,752,3
1123,755,3
1130,758,3
1137,761,3
1144,764,3
1150,767,3
1151,770,2
1156,772,3
1160,775,2
1163,777,3
1169,780,3
1175,783,3
1181,786,3
1182,789,2
1187,791,3
1190,794,2
1191,796,2
1195,798,3
1199,801,2
1200,803,3
1202,806,2
1206,808,3
1210,811,2
1213,813,2
1214,815,3
1222,818,3
1230,821,3
1238,824,3
1245,827,3
1250,830,3
1255,833,3
1260,836,3
1265,839,3
1270,842,3
1275,845,3
1279,848,3
1282,851,3
1285,854,3
1288,857,3
1291,860,3
1292,863,3
1293,866,3
1294,869,3
1295,872,3
1296,875,3
1297,878,3
1298,881,3
1299,884,3
1300,887,3
1302,890,3
1305,893,3
1309,896,3
1316,899,3
1323,902,3
1329,905,3
1335,908,3
1342,911,3
1349,914,3
1355,917,3
1360,920,3
1364,923,3
1368,926,3
1372,929,3
1376,932,3
1380,935,3
1384,938,3
1387,941,3
1390,944,3
1392,947,3
1395,950,3
1399,953,3
1403,956,3
1407,959,3
1411,962,3
1415,965,3
1418,968,3
1420,971,3
1422,974,3
1425,977,3
1426,980,2
1430,982,2
1431,984,3
1436,987,3
1442,990,3
1445,993,3
1450,996,3
1451,999,2
1456,1001,3
1457,1004,2
1462,1006,3
1467,1009,3
1473,1012,3
1479,1015,3
1482,1018,2
1485,1020,3
1491,1023,3
1497,1026,3
1503,1029,3
1509,1032,3
1515,1035,3
1521,1038,3
1526,1041,3
1531,1044,3
1536,1047,3
1540,1050,3
1543,1053,3
1546,1056,3
1549,1059,3
1552,1062,3
1554,1065,3
1556,1068,3
1557,1071,3
1558,1074,3
1559,1077,3
1560,1080,3
1561,1083,2
1562,1085,3
1564,1088,3
1566,1091,3
1568,1094,3
1571,1097,3
1573,1100,3
1577,1103,3
1581,1106,2
1582,1108,3
1587,1111,3
1593,1114,3
1599,1117,3
1604,1120,3
1608,1123,2
1611,1125,3
1616,1128,3
1621,1131,3
1626,1134,3
1630,1137,3
1636,1140,3
1642,1143,3
1647,1146,3
1652,1149,3
1655,1152,3
1660,1155,3
1665,1158,3
1670,1161,3
1675,1164,3
1680,1167,3
1686,1170,3
1692,1173,3
1697,1176,3
1702,1179,3
1707,1182,3
1713,1185,3
1719,1188,3
1725,1191,3
1732,1194,3
1737,1197,3
1741,1200,3
1747,1203,3
1754,1206,3
1761,1209,3
1768,1212,3
1775,1215,3
1781,1218,3
1786,1221,3
1791,1224,3
1796,1227,3
1801,1230,3
1806,1233,3
1812,1236,3
1817,1239,3
1823,1242,3
1830,1245,3
1837,1248,3
1844,1251,3
1852,1254,3
1860,1257,3
1867,1260,3
1874,1263,3
1881,1266,3
1888,1269,3
1889,1272,2
1896,1274,3
1904,1277,3
1912,1280,3
1913,1283,2
1921,1285,3
1930,1288,3
1939,1291,3
1946,1294,3
1951,1297,3
1952,1300,2
1958,1302,3
1959,1305,2
1967,1307,3
1973,1310,3
1979,1313,3
1984,1316,3
1986,1319,2
1988,1321,2
1990,1323,3
1995,1326,3
2000,1329,3
2006,1332,3
2011,1335,3
2016,1338,3
2021,1341,3
2026,1344,3
2030,1347,3
2031,1350,2
2035,1352,3
2036,1355,2
2041,1357,3
2047,1360,3
2052,1363,3
2055,1366,2
2058,1368,3
2063,1371,3
2068,1374,3
2073,1377,3
2078,1380,3
2083,1383,3
2088,1386,3
2093,1389,3
2097,1392,3
2100,1395,3
2103,1398,3
2106,1401,3
2109,1404,3
2112,1407,3
2115,1410,3
2117,1413,3
2119,1416,3
2122,1419,3
2126,1422,3
2130,1425,3
2136,1428,3
2143,1431,3
2150,1434,3
2156,1437,3
2162,1440,3
2167,1443,3
2172,1446,3
2178,1449,3
2183,1452,3
2190,1455,3
2196,1458,3
2202,1461,3
2206,1464,3
2210,1467,3
2214,1470,3
2219,1473,3
2225,1476,3
2233,1479,3
2241,1482,3
2247,1485,3
2253,1488,3
2261,1491,3
2269,1494,3
2278,1497,3
2280,1500,2
2286,1502,3
2294,1505,3
2302,1508,3
2309,1511,3
2316,1514,3
2323,1517,3
2330,1520,3
2331,1523,2
2336,1525,3
2341,1528,3
2347,1531,3
2353,1534,3
2359,1537,3
2364,1540,3
2369,1543,3
2374,1546,3
2379,1549,3
2380,1552,2
2381,1554,2
2386,1556,3
2392,1559,3
2397,1562,3
2398,1565,2
2403,1567,3
2404,1570,2
2410,1572,3
2417,1575,3
2424,1578,3
2430,1581,3
2436,1584,3
2437,1587,2
2443,1589,3
2448,1592,3
2455,1595,3
2456,1598,2
2462,1600,3
2467,1603,3
2474,1606,3
2481,1609,3
2488,1612,3
2495,1615,3
2502,1618,3
2508,1621,3
2511,1624,2
2514,1626,3
2520,1629,3
2521,1632,2
2526,1634,3
2527,1637,2
2529,1639,2
2534,1641,3
2540,1644,3
2541,1647,2
2543,1649,2
2547,1651,3
2551,1654,2
2553,1656,3
2559,1659,3
2564,1662,3
2569,1665,3
2574,1668,3
2575,1671,2
2580,1673,3
2581,1676,2
2587,1678,3
2593,1681,3
2599,1684,3
2604,1687,2
2605,1689,3
2611,1692,3
2617,1695,3
2618,1698,2
2624,1700,3
2626,1703,2
2631,1705,3
2638,1708,3
2645,1711,3
2652,1714,3
2657,1717,3
2659,1720,2
2664,1722,3
2670,1725,3
2676,1728,3
2677,1731,2
2683,1733,3
2689,1736,3
2695,1739,3
2701,1742,3
2706,1745,3
2712,1748,3
2717,1751,3
2721,1754,3
2725,1757,3
2726,1760,2
2730,1762,3
2734,1765,3
2738,1768,3
2742,1771,3
2745,1774,3
2747,1777,3
2749,1780,3
2751,1783,3
2753,1786,3
2754,1789,3
2755,1792,2
2756,1794,3
2757,1797,3
2759,1800,3
2760,1803,3
2762,1806,3
2763,1809,3
2764,1812,3
2766,1815,3
2770,1818,3
2776,1821,3
2782,1824,3
2788,1827,3
2794,1830,3
2801,1833,3
2806,1836,3
2810,1839,3
2814,1842,3
2819,1845,3
2826,1848,3
2831,1851,3
2837,1854,3
2841,1857,3
2846,1860,3
2851,1863,3
2856,1866,3
2862,1869,3
2867,1872,3
2872,1875,3
2877,1878,3
2882,1881,3
2887,1884,3
2891,1887,3
2895,1890,3
2899,1893,3
2902,1896,3
2905,1899,3
2909,1902,3
2914,1905,3
2919,1908,3
2924,1911,3
2929,1914,3
2933,1917,3
2936,1920,3
2940,1923,3
2944,1926,3
2948,1929,3
2952,1932,3
2956,1935,3
2960,1938,3
2964,1941,3
2968,1944,3
2971,1947,3
2976,1950,3
2981,1953,3
2986,1956,3
2991,1959,3
2992,1962,2
2996,1964,3
2997,1967,2
3002,1969,3
3007,1972,3
3013,1975,3
3019,1978,3
3020,1981,2
3026,1983,3
3033,1986,3
3040,1989,3
3047,1992,3
3052,1995,3
3058,1998,3
3063,2001,3
3064,2004,2
3069,2006,3
3070,2009,2
3071,2011,2
3077,2013,3
3082,2016,2
3085,2018,3
3093,2021,3
3101,2024,3
3102,2027,2
3109,2029,3
3116,2032,3
3118,2035,2
3124,2037,3
3131,2040,3
3139,2043,3
3147,2046,3
3148,2049,2
3155,2051,3
3162,2054,3
3163,2057,2
3170,2059,3
3173,2062,2
3179,2064,3
3187,2067,3
3188,2070,2
3196,2072,3
3205,2075,3
3208,2078,2
3214,2080,3
3223,2083,3
3232,2086,3
3233,2089,2
3242,2091,3
3250,2094,3
3258,2097,3
3265,2100,3
3266,2103,2
3271,2105,3
3277,2108,3
3282,2111,3
3283,2114,2
3288,2116,3
3295,2119,3
3301,2122,3
3307,2125,3
3308,2128,2
3313,2130,3
3315,2133,2
3320,2135,3
3325,2138,2
3328,2140,3
3336,2143,3
3337,2146,2
3338,2148,2
3345,2150,3
3349,2153,3
3351,2156,2
3354,2158,3
3356,2161,2
3359,2163,2
3360,2165,3
3365,2168,2
3366,2170,3
3371,2173,3
3376,2176,3
3381,2179,3
3383,2182,2
3386,2184,3
3391,2187,3
3395,2190,3
3399,2193,3
3403,2196,2
3404,2198,3
3409,2201,3
3414,2204,3
3418,2207,3
3422,2210,3
3425,2213,3
3428,2216,3
3431,2219,3
3434,2222,3
3435,2225,3
3436,2228,3
3437,2231,3
3438,2234,3
3439,2237,3
3442,2240,3
3446,2243,3
3450,2246,3
3455,2249,3
3460,2252,3
3464,2255,3
3469,2258,3
3470,2261,2
3475,2263,3
3478,2266,3
3480,2269,3
3483,2272,3
3487,2275,3
3491,2278,3
3495,2281,3
3499,2284,3
3504,2287,3
3509,2290,3
3514,2293,3
3519,2296,3
3520,2299,2
3524,2301,3
3529,2304,3
3534,2307,3
3541,2310,3
3548,2313,3
3554,2316,3
3558,2319,3
3564,2322,3
3571,2325,3
3578,2328,3
3585,2331,3
3591,2334,3
3598,2337,3
3605,2340,3
3606,2343,2
3609,2345,2
3612,2347,2
3614,2349,3
3622,2352,3
3630,2355,3
3633,2358,2
3638,2360,3
3646,2363,3
3653,2366,3
3654,2369,2
3657,2371,2
3660,2373,2
3663,2375,3
3670,2378,3
3676,2381,3
3681,2384,3
3686,2387,3
3691,2390,3
3696,2393,3
3700,2396,3
3703,2399,3
3706,2402,3
3709,2405,3
3712,2408,3
3715,2411,3
3718,2414,3
3720,2417,3
3721,2420,3
3722,2423,3
3723,2426,3
3725,2429,3
3727,2432,3
3729,2435,3
3730,2438,2
3731,2440,3
3733,2443,3
3735,2446,2
3736,2448,3
3741,2451,3
3748,2454,3
3754,2457,3
3759,2460,3
3764,2463,3
3769,2466,3
3774,2469,3
3779,2472,3
3784,2475,3
3790,2478,3
3791,2481,2
3796,2483,3
3800,2486,3
3802,2489,3
3803,2492,2
3811,2494,3
3818,2497,3
3826,2500,3
3831,2503,3
3833,2506,2
3837,2508,3
3843,2511,3
3849,2514,3
3853,2517,3
3857,2520,3
3862,2523,3
3867,2526,3
3871,2529,3
3875,2532,3
3879,2535,3
3883,2538,3
3886,2541,2
3887,2543,3
3891,2546,3
3894,2549,3
3897,2552,3
3900,2555,3
3902,2558,3
3904,2561,3
3905,2564,3
3906,2567,3
3907,2570,3
3908,2573,3
3909,2576,3
3910,2579,3
3911,2582,2
3912,2584,3
3914,2587,3
3916,2590,3
3917,2593,3
3920,2596,3
3924,2599,3
3931,2602,3
3937,2605,3
3943,2608,3
3949,2611,3
3956,2614,3
3963,2617,3
3968,2620,3
3973,2623,3
3980,2626,3
3986,2629,3
3994,2632,3
4001,2635,3
4007,2638,3
4011,2641,3
4016,2644,3
4024,2647,3
4032,2650,3
4041,2653,3
4051,2656,3
4061,2659,3
4070,2662,3
4078,2665,3
4082,2668,3
4086,2671,3
4087,2674,2
4089,2676,2
4091,2678,2
4093,2680,3
4094,2683,2
4100,2685,2
4102,2687,3
4108,2690,3
4115,2693,3
4123,2696,3
4131,2699,3
4132,2702,2
4140,2704,3
4142,2707,2
4149,2709,3
4154,2712,2
4158,2714,3
4159,2717,2
4168,2719,3
4178,2722,3
4179,2725,2
4188,2727,3
4189,2730,2
4195,2732,2
4200,2734,3
4212,2737,3
4217,2740,2
4223,2742,3
4235,2745,3
4247,2748,3
4248,2751,2
4255,2753,2
4260,2755,2
4261,2757,3
4274,2760,3
4286,2763,3
4287,2766,2
4293,2768,2
4298,2770,3
4307,2773,3
4313,2776,3
4317,2779,3
4321,2782,3
4325,2785,3
4329,2788,3
4333,2791,3
4336,2794,3
4339,2797,3
4341,2800,3
4342,2803,3
4343,2806,3
4344,2809,3
4345,2812,3
4346,2815,3
4347,2818,3
4348,2821,3
4349,2824,3
4350,2827,3
4351,2830,3
4352,2833,3
4354,2836,3
4359,2839,3
4360,2842,2
4365,2844,3
4371,2847,3
4378,2850,3
4382,2853,3
4386,2856,3
4392,2859,3
4397,2862,3
4403,2865,3
4408,2868,3
4409,2871,2
4413,2873,3
4417,2876,3
4418,2879,2
4423,2881,3
4429,2884,3
4436,2887,3
4438,2890,2
4440,2892,2
4446,2894,3
4455,2897,3
4463,2900,3
4471,2903,3
4477,2906,3
4482,2909,3
4487,2912,3
4492,2915,3
4496,2918,3
4500,2921,3
4504,2924,3
4508,2927,3
4512,2930,3
4516,2933,3
4519,2936,3
4521,2939,3
4523,2942,3
4525,2945,3
4526,2948,3
4527,2951,2
4528,2953,3
4529,2956,3
4531,2959,3
4533,2962,3
4535,2965,3
4537,2968,3
4538,2971,3
4540,2974,3
4545,2977,3
4550,2980,3
4555,2983,3
4560,2986,3
4565,2989,3
4570,2992,3
4576,2995,3
4582,2998,3
4587,3001,3
4594,3004,3
4599,3007,3
4604,3010,3
4608,3013,3
4617,3016,3
4627,3019,3
4636,3022,3
4645,3025,3
4654,3028,3
4664,3031,3
4673,3034,3
4683,3037,3
4692,3040,3
4699,3043,3
4706,3046,3
4713,3049,3
4719,3052,3
4726,3055,3
4733,3058,3
4739,3061,3
4746,3064,3
4752,3067,3
4759,3070,3
4765,3073,3
4771,3076,3
4778,3079,3
4783,3082,3
4791,3085,3
4799,3088,3
4806,3091,3
4814,3094,3
4822,3097,3
4829,3100,3
4838,3103,3
4845,3106,3
4851,3109,3
4858,3112,3
4864,3115,3
4870,3118,3
4876,3121,3
4882,3124,3
4888,3127,3
4894,3130,3
4900,3133,3
4907,3136,3
4916,3139,3
4925,3142,3
4933,3145,3
4943,3148,3
4953,3151,3
4962,3154,3
4969,3157,3
4976,3160,3
4983,3163,3
4992,3166,3
5002,3169,3
5012,3172,3
5021,3175,3
5030,3178,3
5040,3181,3
5041,3184,2
5045,3186,2
5051,3188,3
5059,3191,3
5066,3194,3
5073,3197,3
5075,3200,2
5079,3202,3
5083,3205,2
5085,3207,3
5092,3210,3
5099,3213,3
5105,3216,3
5111,3219,3
5117,3222,3
5118,3225,2
5119,3227,2
5125,3229,3
5131,3232,3
5138,3235,3
5145,3238,3
5152,3241,3
5158,3244,3
5163,3247,3
5168,3250,3
5169,3253,2
5174,3255,3
5180,3258,3
5186,3261,3
5192,3264,3
5193,3267,2
5198,3269,3
5203,3272,3
5208,3275,3
5209,3278,2
5214,3280,3
5216,3283,2
5221,3285,3
5228,3288,3
5235,3291,3
5242,3294,3
5243,3297,2
5250,3299,3
5251,3302,2
5257,3304,3
5261,3307,3
5266,3310,3
5268,3313,2
5270,3315,2
5275,3317,3
5282,3320,3
5287,3323,3
5293,3326,3
5294,3329,2
5295,3331,2
5302,3333,3
5310,3336,3
5317,3339,3
5319,3342,2
5324,3344,3
5331,3347,3
5338,3350,3
5345,3353,3
5351,3356,3
5357,3359,3
5358,3362,2
5364,3364,3
5369,3367,3
5371,3370,2
5374,3372,3
5375,3375,2
5380,3377,3
5382,3380,2
5385,3382,3
5386,3385,2
5392,3387,3
5398,3390,3
5404,3393,3
5410,3396,3
5416,3399,3
5422,3402,3
5423,3405,2
5428,3407,3
5434,3410,3
5435,3413,2
5440,3415,3
5446,3418,3
5453,3421,3
5459,3424,3
5464,3427,3
5467,3430,2
5470,3432,3
5476,3435,3
5481,3438,3
5487,3441,3
5488,3444,2
5493,3446,3
5494,3449,2
5498,3451,3
5503,3454,3
5508,3457,3
5510,3460,2
5514,3462,3
5518,3465,3
5522,3468,3
5525,3471,3
5528,3474,3
5532,3477,3
5535,3480,2
5536,3482,3
5540,3485,3
5544,3488,3
5549,3491,3
5553,3494,3
5557,3497,3
5559,3500,2
5562,3502,3
5565,3505,3
5568,3508,2
5570,3510,3
5575,3513,3
5579,3516,3
5581,3519,3
5582,3522,2
5584,3524,3
5587,3527,2
5590,3529,3
5593,3532,2
5597,3534,3
5603,3537,3
5608,3540,3
5609,3543,2
5614,3545,3
5620,3548,3
5622,3551,2
5623,3553,2
5627,3555,3
5631,3558,2
5635,3560,3
5642,3563,3
5649,3566,3
5654,3569,3
5659,3572,3
5663,3575,2
5665,3577,3
5671,3580,3
5677,3583,3
5683,3586,3
5688,3589,3
5693,3592,3
5698,3595,3
5699,3598,2
5704,3600,3
5709,3603,2
5711,3605,3
5712,3608,2
5714,3610,2
5719,3612,3
5726,3615,3
5732,3618,3
5733,3621,2
5738,3623,3
5743,3626,3
5748,3629,3
5749,3632,2
5754,3634,3
5758,3637,3
5763,3640,3
5768,3643,3
5771,3646,2
5774,3648,3
5777,3651,2
5779,3653,3
5784,3656,3
5789,3659,3
5794,3662,3
5799,3665,3
5804,3668,3
5808,3671,3
5812,3674,3
5815,3677,3
5818,3680,3
5819,3683,2
5822,3685,3
5826,3688,3
5829,3691,3
5833,3694,3
5836,3697,3
5838,3700,3
5840,3703,3
5842,3706,3
5844,3709,3
5846,3712,3
5848,3715,3
5850,3718,3
5852,3721,2
5855,3723,3
5860,3726,3
5866,3729,3
5872,3732,3
5877,3735,3
5884,3738,3
5890,3741,3
5896,3744,3
5897,3747,2
5904,3749,3
5912,3752,3
5919,3755,3
5926,3758,3
5933,3761,3
5940,3764,3
5947,3767,3
5953,3770,3
5958,3773,3
5964,3776,3
5971,3779,3
5976,3782,3
5981,3785,3
5985,3788,3
5989,3791,3
5992,3794,3
5996,3797,3
6001,3800,3
6006,3803,3
6012,3806,3
6018,3809,3
6024,3812,3
6030,3815,3
6037,3818,3
6043,3821,3
6048,3824,3
6053,3827,3
6057,3830,3
6058,3833,2
6059,3835,2
6063,3837,3
6069,3840,3
6070,3843,2
6075,3845,3
6078,3848,3
6083,3851,3
6087,3854,3
6088,3857,2
6092,3859,3
6096,3862,3
6101,3865,3
6107,3868,3
6108,3871,2
6109,3873,2
6114,3875,3
6120,3878,3
6126,3881,3
6132,3884,3
6138,3887,3
6144,3890,3
6149,3893,3
6155,3896,3
6156,3899,2
6162,3901,3
6166,3904,2
6170,3906,3
6171,3909,2
6177,3911,3
6183,3914,3
6186,3917,2
6190,3919,3
6198,3922,3
6204,3925,2
6207,3927,3
6216,3930,3
6223,3933,3
6229,3936,3
6232,3939,2
6234,3941,3
6238,3944,3
6242,3947,3
6246,3950,3
6249,3953,3
6251,3956,3
6253,3959,3
6254,3962,2
6256,3964,3
6259,3967,3
6261,3970,3
6263,3973,3
6266,3976,3
6268,3979,3
6270,3982,2
6272,3984,3
6276,3987,3
6280,3990,3
6283,3993,3
6287,3996,3
6291,3999,3
6294,4002,3
6297,4005,3
6301,4008,3
6305,4011,3
6310,4014,3
6314,4017,3
6317,4020,3
6322,4023,3
6327,4026,3
6332,4029,3
6337,4032,3
6341,4035,3
6346,4038,3
6352,4041,3
6358,4044,3
6364,4047,3
6370,4050,3
6375,4053,3
6379,4056,3
6384,4059,3
6389,4062,3
6394,4065,3
6401,4068,3
6407,4071,3
6413,4074,3
6419,4077,3
6425,4080,3
6431,4083,3
6438,4086,3
6444,4089,3
6450,4092,3
6454,4095,3
6458,4098,3
6462,4101,3
6466,4104,3
6470,4107,3
6474,4110,3
6478,4113,3
6482,4116,3
6487,4119,3
6493,4122,3
6498,4125,3
6503,4128,3
6509,4131,3
6516,4134,3
6522,4137,3
6528,4140,3
6533,4143,3
6538,4146,3
6542,4149,3
6546,4152,3
6547,4155,2
6551,4157,3
6555,4160,3
6559,4163,2
6560,4165,3
6565,4168,3
6568,4171,2
6571,4173,3
6573,4176,2
6577,4178,3
6583,4181,3
6589,4184,3
6595,4187,3
6601,4190,3
6606,4193,3
6611,4196,3
6615,4199,3
6616,4202,2
6620,4204,3
6625,4207,3
6630,4210,3
6631,4213,2
6636,4215,3
6641,4218,3
6647,4221,3
6653,4224,3
6658,4227,3
6659,4230,2
6663,4232,3
6668,4235,3
6669,4238,2
6674,4240,3
6680,4243,3
6686,4246,3
6691,4249,3
6692,4252,2
6697,4254,3
6702,4257,3
6708,4260,3
6713,4263,3
6714,4266,2
6719,4268,3
6725,4271,3
6730,4274,3
6735,4277,3
6740,4280,3
6745,4283,3
6746,4286,2
6747,4288,2
6752,4290,3
6758,4293,3
6764,4296,3
6770,4299,3
6775,4302,3
6776,4305,2
6781,4307,3
6787,4310,3
6788,4313,2
6794,4315,3
6800,4318,3
6806,4321,3
6812,4324,3
6817,4327,3
6818,4330,2
6823,4332,3
6824,4335,2
6830,4337,3
6837,4340,3
6844,4343,3
6850,4346,3
6856,4349,3
6862,4352,3
6863,4355,2
6867,4357,3
6873,4360,3
6879,4363,3
6885,4366,3
6890,4369,3
6896,4372,3
6897,4375,2
6902,4377,3
6906,4380,3
6911,4383,3
6916,4386,3
6917,4389,2
6922,4391,3
6928,4394,3
6934,4397,3
6939,4400,3
6943,4403,3
6947,4406,3
6951,4409,3
6952,4412,2
6956,4414,3
6957,4417,2
6961,4419,3
6967,4422,3
6972,4425,3
6978,4428,3
6979,4431,2
6983,4433,3
6989,4436,3
6995,4439,3
7001,4442,3
7006,4445,3
7011,4448,3
7012,4451,2
7017,4453,3
7022,4456,3
7023,4459,2
7028,4461,3
7034,4464,3
7040,4467,3
7042,4470,2
7047,4472,3
7048,4475,2
7054,4477,3
7060,4480,3
7061,4483,2
7067,4485,3
7073,4488,3
7079,4491,3
7086,4494,3
7087,4497,2
7094,4499,3
7100,4502,3
7101,4505,2
7107,4507,3
7111,4510,2
7115,4512,3
7122,4515,3
7129,4518,3
7130,4521,2
7137,4523,3
7144,4526,3
7151,4529,3
7152,4532,2
7158,4534,3
7165,4537,3
7171,4540,3
7177,4543,3
7178,4546,2
7184,4548,3
7190,4551,3
7196,4554,3
7197,4557,2
7203,4559,3
7209,4562,3
7216,4565,3
7217,4568,2
7223,4570,3
7229,4573,3
7234,4576,3
7240,4579,3
7241,4582,2
7242,4584,2
7248,4586,3
7256,4589,3
7263,4592,3
7269,4595,3
7276,4598,3
7282,4601,3
7288,4604,3
7294,4607,3
7300,4610,3
7304,4613,2
7306,4615,3
7311,4618,3
7316,4621,3
7321,4624,3
7326,4627,3
7330,4630,3
7333,4633,3
7336,4636,3
7339,4639,3
7342,4642,3
7345,4645,3
7347,4648,3
7349,4651,3
7352,4654,3
7354,4657,3
7356,4660,3
7358,4663,3
7359,4666,3
7362,4669,3
7366,4672,3
7369,4675,3
7374,4678,3
7379,4681,3
7386,4684,3
7393,4687,3
7399,4690,3
7406,4693,3
7412,4696,3
7418,4699,3
7424,4702,3
7430,4705,3
7436,4708,3
7441,4711,3
7448,4714,3
7455,4717,3
7461,4720,3
7467,4723,3
7470,4726,2
7474,4728,3
7481,4731,3
7488,4734,3
7496,4737,3
7505,4740,3
7513,4743,3
7521,4746,3
7528,4749,3
7535,4752,3
7542,4755,3
7549,4758,3
7553,4761,2
7556,4763,3
7564,4766,3
7569,4769,2
7573,4771,3
7582,4774,3
7590,4777,3
7591,4780,2
7599,4782,3
7600,4785,2
7602,4787,2
7605,4789,3
7612,4792,3
7619,4795,3
7626,4798,3
7633,4801,3
7640,4804,3
7647,4807,3
7653,4810,3
7658,4813,3
7659,4816,2
7664,4818,3
7665,4821,2
7670,4823,3
7673,4826,2
7674,4828,2
7677,4830,3
7685,4833,3
7692,4836,3
7700,4839,3
7701,4842,2
7708,4844,3
7710,4847,2
7714,4849,3
7722,4852,3
7730,4855,3
7733,4858,2
7738,4860,3
7743,4863,2
7745,4865,3
7748,4868,2
7752,4870,3
7759,4873,3
7766,4876,3
7772,4879,3
7778,4882,3
7784,4885,3
7789,4888,3
7794,4891,3
7799,4894,3
7803,4897,3
7807,4900,3
7812,4903,3
7816,4906,3
7818,4909,2
7821,4911,3
7825,4914,3
7829,4917,3
7832,4920,3
7835,4923,3
7836,4926,2
7837,4928,2
7840,4930,3
7844,4933,3
7848,4936,3
7851,4939,3
7853,4942,3
7855,4945,3
7857,4948,3
7858,4951,3
7859,4954,3
7860,4957,3
7863,4960,3
7866,4963,3
7870,4966,3
7873,4969,3
7877,4972,3
7882,4975,3
7888,4978,3
7892,4981,3
7896,4984,3
7901,4987,3
7906,4990,3
7912,4993,3
7916,4996,3
7920,4999,3
7923,5002,3
7926,5005,3
7930,5008,3
7934,5011,3
7938,5014,3
7942,5017,3
7946,5020,3
7948,5023,3
7952,5026,3
7956,5029,3
7959,5032,3
7963,5035,3
7968,5038,3
7974,5041,3
7980,5044,3
7986,5047,3
7991,5050,3
7996,5053,3
8000,5056,3
8004,5059,3
8008,5062,3
8012,5065,3
8016,5068,3
8021,5071,3
8025,5074,3
8029,5077,3
8033,5080,3
8038,5083,3
8043,5086,3
8048,5089,3
8052,5092,3
8056,5095,3
8060,5098,3
8061,5101,2
8065,5103,3
8069,5106,3
8073,5109,3
8077,5112,3
8080,5115,3
8083,5118,3
8084,5121,2
8087,5123,3
8091,5126,3
8093,5129,2
8096,5131,3
8101,5134,3
8106,5137,3
8110,5140,3
8114,5143,3
8118,5146,3
8119,5149,2
8120,5151,2
8124,5153,3
8129,5156,3
8135,5159,3
8141,5162,3
8147,5165,3
8153,5168,3
8158,5171,3
8163,5174,3
8164,5177,2
8169,5179,3
8175,5182,3
8180,5185,3
8184,5188,3
8186,5191,2
8189,5193,3
8190,5196,2
8195,5198,3
8201,5201,3
8207,5204,3
8213,5207,3
8214,5210,2
8220,5212,3
8226,5215,3
8232,5218,3
8233,5221,2
8238,5223,3
8243,5226,3
8249,5229,3
8250,5232,2
8256,5234,3
8261,5237,3
8267,5240,3
8273,5243,3
8279,5246,3
8284,5249,3
8285,5252,2
8290,5254,3
8296,5257,3
8301,5260,3
8302,5263,2
8307,5265,3
8309,5268,2
8314,5270,3
8321,5273,3
8327,5276,3
8333,5279,3
8339,5282,3
8345,5285,3
8351,5288,3
8352,5291,2
8353,5293,2
8358,5295,3
8365,5298,3
8371,5301,3
8372,5304,2
8377,5306,3
8378,5309,2
8384,5311,3
8392,5314,3
8400,5317,3
8408,5320,3
8415,5323,3
8422,5326,3
8429,5329,3
8435,5332,3
8436,5335,2
8442,5337,3
8443,5340,2
8448,5342,3
8455,5345,3
8461,5348,3
8468,5351,3
8475,5354,3
8482,5357,3
8483,5360,2
8490,5362,3
8496,5365,3
8497,5368,2
8503,5370,3
8510,5373,3
8517,5376,3
8518,5379,2
8524,5381,3
8530,5384,3
8536,5387,3
8542,5390,3
8548,5393,3
8549,5396,2
8550,5398,2
8556,5400,3
8562,5403,3
8568,5406,3
8574,5409,3
8580,5412,3
8586,5415,3
8592,5418,3
8593,5421,2
8594,5423,2
8599,5425,3
8606,5428,3
8613,5431,3
8618,5434,3
8619,5437,2
8625,5439,3
8632,5442,3
8639,5445,3
8645,5448,3
8651,5451,3
8657,5454,3
8658,5457,2
8659,5459,2
8664,5461,3
8670,5464,3
8676,5467,3
8681,5470,3
8682,5473,2
8688,5475,3
8691,5478,2
8695,5480,3
8697,5483,2
8704,5485,3
8705,5488,2
8714,5490,3
8721,5493,3
8728,5496,3
8735,5499,3
8738,5502,2
8743,5504,3
8744,5507,2
8751,5509,3
8757,5512,3
8758,5515,2
8763,5517,3
8768,5520,3
8770,5523,2
8773,5525,3
8777,5528,3
8780,5531,3
8781,5534,2
8785,5536,3
8786,5539,2
8791,5541,3
8797,5544,3
8800,5547,3
8803,5550,3
8806,5553,3
8809,5556,3
8812,5559,3
8813,5562,2
8815,5564,2
8816,5566,3
8818,5569,2
8821,5571,3
8826,5574,3
8831,5577,3
8835,5580,3
8839,5583,3
8842,5586,3
8843,5589,2
8846,5591,3
8850,5594,3
8854,5597,3
8858,5600,3
8862,5603,3
8865,5606,3
8867,5609,2
8870,5611,3
8875,5614,3
8879,5617,3
8882,5620,3
8885,5623,3
8888,5626,3
8891,5629,3
8894,5632,3
8897,5635,3
8900,5638,3
8901,5641,2
8904,5643,3
8907,5646,3
8910,5649,3
8911,5652,2
8914,5654,3
8918,5657,3
8921,5660,3
8924,5663,2
8925,5665,3
8929,5668,3
8933,5671,3
8937,5674,3
8941,5677,3
8945,5680,3
8949,5683,3
8952,5686,3
8954,5689,3
8956,5692,3
8958,5695,3
8960,5698,3
8962,5701,3
8964,5704,3
8965,5707,3
8966,5710,3
8967,5713,3
8968,5716,2
8969,5718,3
8971,5721,3
8975,5724,3
8979,5727,3
8984,5730,3
8990,5733,3
8995,5736,3
9000,5739,3
9005,5742,3
9009,5745,3
9013,5748,3
9017,5751,3
9021,5754,3
9024,5757,3
9028,5760,3
9031,5763,3
9033,5766,3
9035,5769,3
9037,5772,3
9039,5775,3
9041,5778,3
9043,5781,3
9045,5784,3
9048,5787,3
9052,5790,3
9054,5793,2
9057,5795,3
9062,5798,3
9063,5801,2
9067,5803,3
9071,5806,3
9076,5809,3
9082,5812,3
9088,5815,3
9095,5818,3
9096,5821,2
9103,5823,3
9110,5826,3
9117,5829,3
9118,5832,2
9125,5834,3
9133,5837,3
9141,5840,3
9148,5843,3
9155,5846,3
9160,5849,3
9161,5852,2
9166,5854,3
9171,5857,3
9176,5860,3
9181,5863,3
9185,5866,3
9189,5869,3
9193,5872,3
9194,5875,2
9198,5877,3
9203,5880,3
9207,5883,3
9211,5886,3
9215,5889,3
9218,5892,3
9221,5895,3
9224,5898,3
9227,5901,3
9230,5904,3
9233,5907,3
9234,5910,2
9237,5912,3
9240,5915,3
9243,5918,3
9246,5921,3
9248,5924,2
9250,5926,3
9254,5929,3
9258,5932,2
9259,5934,3
9264,5937,3
9268,5940,3
9271,5943,3
9274,5946,3
9277,5949,3
9280,5952,3
9283,5955,3
9286,5958,3
9289,5961,3
9291,5964,3
9293,5967,3
9295,5970,3
9296,5973,3
9297,5976,3
9298,5979,3
9300,5982,3
9303,5985,3
9306,5988,3
9310,5991,3
9314,5994,3
9318,5997,3
9322,6000,3
9326,6003,3
9330,6006,3
9333,6009,3
9336,6012,3
9339,6015,3
9342,6018,3
9346,6021,3
9350,6024,3
9355,6027,3
9360,6030,3
9366,6033,3
9371,6036,3
9378,6039,3
9383,6042,3
9388,6045,3
9392,6048,3
9396,6051,3
9402,6054,3
9408,6057,3
9414,6060,3
9420,6063,3
9427,6066,3
9435,6069,3
9441,6072,3
9449,6075,3
9454,6078,3
9459,6081,3
9463,6084,3
9467,6087,3
9471,6090,3
9475,6093,3
9479,6096,3
9483,6099,3
9487,6102,3
9491,6105,3
9495,6108,3
9496,6111,2
9500,6113,3
9501,6116,2
9506,6118,3
9512,6121,3
9519,6124,3
9525,6127,3
9531,6130,3
9538,6133,3
9545,6136,3
9552,6139,3
9559,6142,3
9565,6145,3
9566,6148,2
9571,6150,3
9577,6153,3
9582,6156,3
9588,6159,3
9589,6162,2
9590,6164,2
9596,6166,3
9604,6169,3
9612,6172,3
9620,6175,3
9626,6178,3
9632,6181,3
9633,6184,2
9639,6186,3
9646,6189,3
9652,6192,3
9653,6195,2
9659,6197,3
9665,6200,3
9671,6203,3
9677,6206,3
9678,6209,2
9684,6211,3
9691,6214,3
9697,6217,3
9703,6220,3
9704,6223,2
9710,6225,3
9717,6228,3
9723,6231,3
9728,6234,3
9733,6237,3
9738,6240,3
9739,6243,2
9740,6245,2
9745,6247,3
9752,6250,3
9758,6253,3
9764,6256,3
9770,6259,3
9776,6262,3
9777,6265,2
9778,6267,2
9784,6269,3
9791,6272,3
9798,6275,3
9805,6278,3
9812,6281,3
9817,6284,3
9822,6287,3
9827,6290,3
9828,6293,2
9829,6295,2
9834,6297,3
9841,6300,3
9842,6303,2
9849,6305,3
9850,6308,2
9858,6310,3
9866,6313,3
9872,6316,3
9879,6319,3
9886,6322,3
9893,6325,3
9900,6328,3
9907,6331,3
9913,6334,3
9918,6337,3
9919,6340,2
9924,6342,3
9925,6345,2
9931,6347,3
9938,6350,3
9945,6353,3
9946,6356,2
9947,6358,2
9953,6360,3
9960,6363,3
9966,6366,3
9973,6369,3
9979,6372,3
9984,6375,3
9989,6378,3
9990,6381,2
9995,6383,3
10001,6386,3
10002,6389,2
10008,6391,3
10014,6394,3
10021,6397,3
10024,6400,2
10029,6402,3
10030,6405,2
10035,6407,2
10039,6409,3
10048,6412,3
10056,6415,3
10058,6418,2
10059,6420,2
10066,6422,3
10074,6425,3
10075,6428,2
10082,6430,3
10083,6433,2
10089,6435,3
10092,6438,2
10097,6440,3
10101,6443,2
10104,6445,2
10107,6447,3
10114,6450,3
10120,6453,3
10126,6456,3
10131,6459,3
10137,6462,3
10143,6465,3
10147,6468,3
10151,6471,3
10155,6474,3
10158,6477,3
10161,6480,3
10164,6483,3
10167,6486,3
10170,6489,3
10174,6492,3
10175,6495,2
10178,6497,3
10180,6500,2
10183,6502,3
10184,6505,2
10185,6507,2
10189,6509,3
10191,6512,2
10194,6514,2
10195,6516,3
10197,6519,2
10202,6521,3
10207,6524,3
10213,6527,3
10218,6530,3
10223,6533,3
10229,6536,2
10230,6538,3
10235,6541,3
10238,6544,2
10241,6546,3
10247,6549,3
10253,6552,3
10259,6555,3
10265,6558,3
10271,6561,3
10274,6564,2
10278,6566,3
10283,6569,3
10286,6572,3
10289,6575,3
10292,6578,3
10295,6581,3
10298,6584,3
10300,6587,3
10301,6590,3
10302,6593,3
10303,6596,3
10304,6599,3
10305,6602,3
10306,6605,2
10307,6607,3
10308,6610,3
10310,6613,3
10314,6616,3
10318,6619,3
10324,6622,3
10330,6625,3
10336,6628,3
10342,6631,3
10349,6634,3
10354,6637,3
10358,6640,3
10363,6643,3
10368,6646,3
10374,6649,3
10381,6652,3
10386,6655,3
10392,6658,3
10397,6661,3
10401,6664,3
10405,6667,3
10409,6670,3
10414,6673,3
10418,6676,3
10423,6679,3
10428,6682,3
10432,6685,3
10437,6688,3
10442,6691,3
10447,6694,3
10454,6697,3
10459,6700,3
10464,6703,3
10469,6706,3
10473,6709,3
10476,6712,3
10479,6715,3
10483,6718,3
10488,6721,3
10492,6724,3
10496,6727,3
10501,6730,3
10507,6733,3
10512,6736,3
10517,6739,3
10523,6742,3
10527,6745,3
10528,6748,2
10532,6750,3
10534,6753,2
10540,6755,3
10548,6758,3
10555,6761,3
10558,6764,2
10563,6766,3
10570,6769,3
10573,6772,2
10579,6774,3
10582,6777,2
10588,6779,3
10591,6782,2
10599,6784,3
10608,6787,3
10617,6790,3
10621,6793,2
10625,6795,3
10631,6798,3
10632,6801,2
10636,6803,2
10639,6805,3
10640,6808,2
10645,6810,2
10647,6812,3
10648,6815,2
10654,6817,3
10659,6820,3
10664,6823,3
10668,6826,3
10673,6829,3
10677,6832,3
10681,6835,3
10685,6838,3
10689,6841,3
10692,6844,3
10694,6847,3
10696,6850,3
10698,6853,2
10699,6855,3
10702,6858,3
10705,6861,3
10707,6864,3
10709,6867,3
10711,6870,3
10712,6873,3
10713,6876,3
10714,6879,3
10715,6882,3
10716,6885,3
10717,6888,3
10718,6891,3
10719,6894,3
10720,6897,3
10721,6900,3
10723,6903,3
10727,6906,3
10731,6909,3
10735,6912,3
10737,6915,2
10740,6917,3
10746,6920,3
10752,6923,3
10758,6926,3
10763,6929,3
10769,6932,3
10770,6935,2
10771,6937,2
10777,6939,3
10785,6942,3
10791,6945,3
10792,6948,2
10800,6950,3
10808,6953,3
10815,6956,3
10816,6959,2
10823,6961,3
10830,6964,3
10837,6967,3
10838,6970,2
10843,6972,3
10849,6975,3
10855,6978,3
10861,6981,3
10869,6984,3
10877,6987,3
10878,6990,2
10886,6992,3
10895,6995,3
10896,6998,2
10899,7000,2
10904,7002,3
10913,7005,3
10921,7008,3
10928,7011,3
10929,7014,2
10930,7016,2
10935,7018,3
10942,7021,3
10949,7024,3
10955,7027,3
10962,7030,3
10968,7033,3
10974,7036,3
10980,7039,3
10985,7042,3
10990,7045,3
10995,7048,3
11000,7051,3
11004,7054,3
11007,7057,3
11010,7060,3
11013,7063,3
11016,7066,3
11018,7069,3
11019,7072,3
11020,7075,3
11021,7078,3
11022,7081,3
11023,7084,3
11024,7087,3
11025,7090,3
11027,7093,3
11031,7096,3
11035,7099,3
11040,7102,3
11044,7105,3
11049,7108,3
11053,7111,3
11058,7114,3
11060,7117,2
11064,7119,3
11069,7122,3
11075,7125,3
11078,7128,3
11082,7131,3
11089,7134,3
11098,7137,3
11105,7140,3
11113,7143,3
11121,7146,3
11124,7149,2
11130,7151,3
11138,7154,3
11140,7157,2
11145,7159,3
11151,7162,3
11157,7165,3
11160,7168,2
11164,7170,3
11170,7173,3
11176,7176,3
11182,7179,3
11187,7182,3
11191,7185,3
11192,7188,2
11196,7190,3
11201,7193,3
11205,7196,3
11209,7199,3
11211,7202,2
11214,7204,3
11217,7207,2
11220,7209,3
11226,7212,3
11229,7215,3
11233,7218,3
11237,7221,2
11238,7223,2
11239,7225,3
11244,7228,3
11249,7231,3
11254,7234,3
11258,7237,3
11262,7240,3
11266,7243,3
11270,7246,3
11274,7249,3
11277,7252,3
11280,7255,3
11283,7258,3
11286,7261,3
11288,7264,3
11290,7267,3
11291,7270,2
11293,7272,3
11294,7275,2
11296,7277,3
11302,7280,3
11307,7283,3
11314,7286,3
11322,7289,3
11332,7292,3
11341,7295,3
11349,7298,3
11354,7301,3
11359,7304,3
11360,7307,2
11365,7309,3
11371,7312,3
11377,7315,3
11383,7318,3
11384,7321,2
11389,7323,3
11394,7326,2
11395,7328,3
11401,7331,3
11407,7334,3
11413,7337,3
11419,7340,3
11425,7343,3
11431,7346,3
11432,7349,2
11438,7351,3
11439,7354,2
11443,7356,3
11448,7359,3
11452,7362,3
11457,7365,3
11458,7368,2
11461,7370,3
11463,7373,2
11466,7375,3
11467,7378,2
11472,7380,3
11478,7383,3
11483,7386,3
11488,7389,3
11493,7392,3
11496,7395,2
11499,7397,3
11505,7400,3
11510,7403,3
11515,7406,3
11519,7409,3
11523,7412,3
11527,7415,3
11530,7418,3
11533,7421,3
11536,7424,3
11539,7427,3
11542,7430,3
11544,7433,3
11546,7436,3
11548,7439,3
11550,7442,3
11553,7445,3
11555,7448,3
11557,7451,3
11558,7454,3
11560,7457,3
11563,7460,3
11568,7463,3
11572,7466,3
11576,7469,3
11580,7472,3
11583,7475,3
11586,7478,3
11589,7481,3
11594,7484,3
11598,7487,3
11602,7490,3
11607,7493,3
11611,7496,3
11616,7499,3
11622,7502,3
11626,7505,3
11631,7508,3
11636,7511,3
11640,7514,3
11643,7517,3
11647,7520,2
11648,7522,3
11653,7525,3
11658,7528,3
11662,7531,3
11667,7534,3
11669,7537,2
11673,7539,3
11678,7542,2
11680,7544,3
11685,7547,3
11689,7550,3
11693,7553,3
11697,7556,3
11701,7559,3
11705,7562,3
11709,7565,3
11715,7568,3
11722,7571,3
11728,7574,3
11731,7577,3
11734,7580,3
11738,7583,3
11742,7586,3
11746,7589,3
11753,7592,3
11760,7595,3
11767,7598,3
11774,7601,3
11780,7604,3
11786,7607,3
11791,7610,3
11797,7613,3
11804,7616,3
11811,7619,3
11818,7622,3
11825,7625,3
11833,7628,3
11842,7631,3
11851,7634,3
11859,7637,3
11867,7640,3
11875,7643,3
11883,7646,3
11889,7649,3
11896,7652,3
11902,7655,3
11909,7658,3
11916,7661,3
11922,7664,3
11927,7667,3
11932,7670,3
11937,7673,3
11942,7676,3
11948,7679,3
11954,7682,3
11960,7685,3
11966,7688,3
11972,7691,3
11979,7694,3
11985,7697,3
11992,7700,3
11997,7703,3
12002,7706,3
12008,7709,3
12014,7712,3
12021,7715,3
12028,7718,3
12035,7721,3
12042,7724,3
12049,7727,3
12057,7730,3
12064,7733,3
12071,7736,3
12078,7739,3
12085,7742,3
12091,7745,3
12096,7748,3
12101,7751,3
12108,7754,3
12115,7757,3
12122,7760,3
12129,7763,3
12135,7766,3
12141,7769,3
12147,7772,3
12154,7775,3
12161,7778,3
12168,7781,3
12175,7784,3
12180,7787,3
12185,7790,3
12191,7793,3
12196,7796,3
12203,7799,3
12210,7802,3
12217,7805,3
12224,7808,3
12229,7811,3
12235,7814,3
12241,7817,3
12247,7820,3
12253,7823,3
12258,7826,3
12264,7829,3
12270,7832,3
12276,7835,3
12282,7838,3
12288,7841,3
12294,7844,3
12301,7847,3
12308,7850,3
12315,7853,3
12320,7856,3
12325,7859,3
12330,7862,3
12336,7865,3
12343,7868,3
12349,7871,3
12356,7874,3
12363,7877,3
12369,7880,3
12376,7883,3
12383,7886,3
12389,7889,3
12394,7892,3
12401,7895,3
12408,7898,3
12413,7901,3
12418,7904,3
12423,7907,3
12428,7910,3
12433,7913,3
12440,7916,3
12447,7919,3
12455,7922,3
12462,7925,3
12469,7928,3
12475,7931,3
12481,7934,3
12487,7937,3
12493,7940,3
12499,7943,3
12506,7946,3
12512,7949,3
12518,7952,3
12524,7955,3
12531,7958,3
12538,7961,3
12546,7964,3
12555,7967,3
12564,7970,3
12572,7973,3
12580,7976,3
12588,7979,3
12594,7982,3
12600,7985,3
12605,7988,3
12609,7991,3
12613,7994,3
12616,7997,3
12621,8000,3
12625,8003,3
12630,8006,3
12633,8009,3
12636,8012,3
12639,8015,3
12642,8018,3
12646,8021,3
12651,8024,3
12655,8027,3
12660,8030,3
12664,8033,3
12669,8036,3
12674,8039,3
12678,8042,3
12682,8045,3
12687,8048,3
12692,8051,3
12698,8054,3
12706,8057,3
12716,8060,3
12724,8063,3
12732,8066,3
12740,8069,3
12748,8072,3
12753,8075,3
12757,8078,3
12761,8081,3
12765,8084,3
12770,8087,3
12775,8090,3
12780,8093,3
12785,8096,3
12789,8099,3
12792,8102,3
12796,8105,3
12799,8108,3
12804,8111,3
12809,8114,3
12816,8117,3
12822,8120,3
12828,8123,3
12833,8126,3
12839,8129,3
12844,8132,3
12851,8135,3
12858,8138,3
12865,8141,3
12871,8144,3
12876,8147,3
12881,8150,3
12887,8153,3
12894,8156,3
12902,8159,3
12909,8162,3
12917,8165,3
12924,8168,3
12930,8171,3
12937,8174,3
12944,8177,3
12951,8180,3
12957,8183,3
12963,8186,3
12969,8189,3
12975,8192,3
12981,8195,3
12988,8198,3
12994,8201,3
13001,8204,3
13007,8207,3
13014,8210,3
13020,8213,3
13025,8216,3
13030,8219,3
13035,8222,3
13041,8225,3
13047,8228,3
13054,8231,3
13060,8234,3
13065,8237,3
13071,8240,3
13078,8243,3
13084,8246,3
13091,8249,3
13097,8252,3
13103,8255,3
13108,8258,3
13113,8261,3
13120,8264,3
13127,8267,3
13134,8270,3
13141,8273,3
13149,8276,3
13158,8279,3
13164,8282,3
13171,8285,3
13178,8288,3
13185,8291,3
13192,8294,3
13199,8297,3
13205,8300,3
13210,8303,3
13215,8306,3
13221,8309,3
13226,8312,3
13233,8315,3
13241,8318,3
13247,8321,3
13253,8324,3
13260,8327,3
13267,8330,3
13273,8333,3
13278,8336,3
13283,8339,3
13289,8342,3
13294,8345,3
13301,8348,3
13308,8351,3
13315,8354,3
13322,8357,3
13330,8360,3
13340,8363,3
13348,8366,3
13357,8369,3
13366,8372,3
13373,8375,3
13380,8378,3
13387,8381,3
13394,8384,3
13401,8387,3
13408,8390,3
13415,8393,3
13422,8396,3
13429,8399,3
13436,8402,3
13442,8405,3
13449,8408,3
13455,8411,3
13464,8414,3
13473,8417,3
13483,8420,3
13493,8423,3
13502,8426,3
13511,8429,3
13520,8432,3
13527,8435,3
13533,8438,3
13537,8441,3
13542,8444,3
13546,8447,3
13550,8450,3
13555,8453,3
13561,8456,3
13568,8459,3
13575,8462,3
13581,8465,3
13588,8468,3
13593,8471,3
13598,8474,3
13604,8477,3
13610,8480,3
13617,8483,3
13624,8486,3
13632,8489,3
13641,8492,3
13650,8495,3
13656,8498,3
13663,8501,3
13672,8504,3
13680,8507,3
13688,8510,3
13694,8513,3
13699,8516,3
13704,8519,3
13709,8522,3
13714,8525,3
13719,8528,3
13724,8531,3
13729,8534,3
13732,8537,3
13735,8540,3
13738,8543,3
13740,8546,3
13742,8549,3
13743,8552,2
13745,8554,3
13748,8557,3
13749,8560,2
13751,8562,3
13754,8565,3
13755,8568,2
13758,8570,3
13760,8573,3
13761,8576,2
13763,8578,3
13767,8581,3
13768,8584,2
13771,8586,3
13774,8589,3
13779,8592,3
13784,8595,3
13788,8598,3
13789,8601,2
13793,8603,3
13799,8606,3
13805,8609,3
13810,8612,3
13815,8615,3
13819,8618,3
13823,8621,3
13827,8624,3
13831,8627,3
13834,8630,3
13835,8633,2
13838,8635,3
13842,8638,3
13846,8641,3
13850,8644,3
13851,8647,2
13854,8649,3
13857,8652,3
13860,8655,3
13863,8658,3
13866,8661,3
13869,8664,3
13871,8667,3
13872,8670,2
13874,8672,2
13875,8674,3
13877,8677,3
13878,8680,2
13881,8682,3
13884,8685,3
13887,8688,3
13890,8691,3
13894,8694,3
13898,8697,3
13901,8700,3
13904,8703,3
13905,8706,2
13908,8708,3
13912,8711,3
13915,8714,3
13916,8717,2
13920,8719,3
13924,8722,3
13929,8725,3
13934,8728,3
13937,8731,3
13941,8734,3
13945,8737,3
13949,8740,3
13952,8743,3
13955,8746,3
13958,8749,3
13959,8752,2
13961,8754,2
13962,8756,3
13965,8759,3
13967,8762,2
13970,8764,3
13974,8767,3
13979,8770,3
13984,8773,3
13985,8776,2
13990,8778,3
13995,8781,3
14000,8784,3
14003,8787,3
14007,8790,3
14010,8793,3
14014,8796,3
14018,8799,3
14022,8802,3
14026,8805,3
14030,8808,3
14031,8811,2
14034,8813,3
14038,8816,3
14041,8819,3
14045,8822,3
14048,8825,3
14050,8828,3
14053,8831,3
14056,8834,3
14059,8837,3
14061,8840,3
14062,8843,2
14064,8845,3
14067,8848,3
14070,8851,3
14073,8854,2
14074,8856,3
14078,8859,3
14082,8862,3
14086,8865,3
14087,8868,2
14091,8870,3
14095,8873,3
14098,8876,3
14100,8879,3
14103,8882,3
14106,8885,3
14109,8888,3
14112,8891,3
14113,8894,2
14116,8896,3
14119,8899,3
14122,8902,3
14125,8905,3
14128,8908,3
14130,8911,2
14133,8913,3
14136,8916,3
14138,8919,3
14140,8922,3
14141,8925,2
14144,8927,3
14146,8930,2
14149,8932,3
14154,8935,3
14159,8938,3
14163,8941,3
14167,8944,3
14171,8947,3
14174,8950,3
14177,8953,3
14180,8956,3
14183,8959,3
14186,8962,3
14187,8965,2
14188,8967,2
14191,8969,3
14193,8972,3
14194,8975,2
14197,8977,3
14201,8980,3
14206,8983,3
14210,8986,3
14211,8989,2
14214,8991,3
14216,8994,2
14219,8996,3
14221,8999,3
14224,9002,3
14228,9005,3
14230,9008,2
14233,9010,3
14237,9013,3
14242,9016,3
14248,9019,3
14252,9022,3
14257,9025,3
14261,9028,3
14262,9031,2
14266,9033,3
14269,9036,3
14270,9039,2
14273,9041,3
14277,9044,3
14282,9047,3
14283,9050,2
14288,9052,3
14294,9055,3
14295,9058,2
14299,9060,3
14303,9063,3
14308,9066,3
14312,9069,3
14316,9072,3
14320,9075,3
14324,9078,3
14329,9081,3
14330,9084,2
14334,9086,3
14338,9089,2
14340,9091,3
14345,9094,3
14349,9097,3
14350,9100,2
14354,9102,3
14359,9105,3
14364,9108,3
14368,9111,3
14369,9114,2
14374,9116,3
14378,9119,3
14383,9122,3
14387,9125,3
14391,9128,3
14394,9131,3
14395,9134,2
14399,9136,3
14404,9139,3
14409,9142,3
14414,9145,3
14415,9148,2
14416,9150,2
14420,9152,3
14425,9155,3
14430,9158,3
14434,9161,3
14438,9164,3
14442,9167,3
14446,9170,3
14449,9173,3
14453,9176,3
14454,9179,2
14455,9181,2
14458,9183,3
14462,9186,3
14467,9189,3
14472,9192,3
14476,9195,3
14477,9198,2
14481,9200,3
14486,9203,2
14488,9205,3
14494,9208,3
14499,9211,3
14503,9214,3
14507,9217,3
14511,9220,3
14515,9223,3
14519,9226,3
14520,9229,2
14524,9231,3
14527,9234,3
14531,9237,3
14535,9240,3
14537,9243,2
14539,9245,3
14543,9248,3
14547,9251,3
14551,9254,3
14552,9257,2
14556,9259,3
14561,9262,3
14564,9265,2
14565,9267,3
14568,9270,3
14569,9273,2
14573,9275,3
14577,9278,3
14582,9281,3
14587,9284,3
14591,9287,3
14595,9290,3
14596,9293,2
14598,9295,2
14601,9297,3
14607,9300,3
14613,9303,3
14615,9306,2
14619,9308,3
14622,9311,3
14625,9314,3
14629,9317,3
14630,9320,2
14634,9322,3
14638,9325,3
14642,9328,3
14646,9331,3
14651,9334,3
14656,9337,3
14658,9340,2
14661,9342,3
14667,9345,3
14673,9348,3
14678,9351,3
14682,9354,3
14686,9357,3
14689,9360,3
14692,9363,3
14695,9366,3
14698,9369,3
14701,9372,3
14704,9375,3
14705,9378,2
14706,9380,2
14709,9382,3
14713,9385,3
14718,9388,3
14722,9391,3
14725,9394,3
14728,9397,3
14731,9400,3
14732,9403,2
14733,9405,2
14735,9407,3
14737,9410,2
14739,9412,3
14743,9415,3
14744,9418,2
14745,9420,2
14748,9422,3
14749,9425,2
14755,9427,2
14756,9429,3
14761,9432,3
14763,9435,3
14769,9438,3
14775,9441,3
14776,9444,2
14777,9446,2
14783,9448,3
14791,9451,3
14798,9454,3
14799,9457,2
14804,9459,3
14809,9462,3
14815,9465,3
14817,9468,3
14819,9471,3
14821,9474,3
14823,9477,2
14824,9479,3
14827,9482,3
14829,9485,3
14831,9488,3
14833,9491,3
14835,9494,3
14838,9497,3
14841,9500,3
14846,9503,3
14852,9506,3
14857,9509,3
14863,9512,3
14870,9515,3
14878,9518,3
14887,9521,3
14895,9524,3
14902,9527,3
14911,9530,3
14919,9533,3
14927,9536,3
14934,9539,3
14940,9542,3
14946,9545,3
14952,9548,3
14953,9551,2
14959,9553,3
14964,9556,3
14969,9559,3
14974,9562,3
14975,9565,2
14980,9567,3
14986,9570,3
14992,9573,3
14998,9576,3
15004,9579,3
15008,9582,3
15009,9585,2
15013,9587,3
15018,9590,3
15023,9593,3
15028,9596,3
15032,9599,3
15036,9602,3
15037,9605,2
15041,9607,3
15046,9610,3
15047,9613,2
15051,9615,3
15052,9618,2
15057,9620,3
15063,9623,3
15068,9626,3
15069,9629,2
15075,9631,3
15081,9634,3
15087,9637,3
15093,9640,3
15099,9643,3
15105,9646,3
15106,9649,2
15112,9651,3
15118,9654,3
15124,9657,3
15125,9660,2
15131,9662,3
15138,9665,3
15145,9668,3
15152,9671,3
15158,9674,3
15164,9677,3
15165,9680,2
15170,9682,3
15171,9685,2
15177,9687,3
15184,9690,3
15190,9693,3
15196,9696,3
15197,9699,2
15202,9701,3
15208,9704,3
15209,9707,2
15215,9709,3
15221,9712,3
15228,9715,3
15233,9718,3
15239,9721,3
15245,9724,3
15246,9727,2
15252,9729,3
15253,9732,2
15257,9734,3
15263,9737,3
15269,9740,3
15276,9743,3
15283,9746,3
15289,9749,3
15295,9752,3
15300,9755,3
15305,9758,3
15306,9761,2
15311,9763,3
15312,9766,2
15316,9768,2
15319,9770,3
15321,9773,2
15328,9775,3
15332,9778,2
15334,9780,3
15339,9783,3
15341,9786,2
15345,9788,3
15350,9791,3
15353,9794,3
15357,9797,3
15360,9800,3
15362,9803,3
15364,9806,3
15365,9809,3
15366,9812,3
15367,9815,3
15368,9818,3
15369,9821,3
15370,9824,3
15371,9827,3
15372,9830,3
15373,9833,3
15374,9836,3
15375,9839,3
15377,9842,3
15379,9845,3
15383,9848,3
15387,9851,3
15392,9854,3
15397,9857,3
15402,9860,3
15405,9863,3
15408,9866,3
15412,9869,3
15416,9872,3
15420,9875,3
15423,9878,3
15427,9881,3
15431,9884,3
15437,9887,3
15442,9890,3
15448,9893,3
15456,9896,3
15463,9899,3
15470,9902,3
15477,9905,3
15483,9908,3
15490,9911,3
15496,9914,3
15503,9917,3
15509,9920,3
15516,9923,3
15523,9926,3
15532,9929,3
15539,9932,2
15543,9934,3
15552,9937,3
15561,9940,3
15572,9943,3
15579,9946,2
15582,9948,3
15588,9951,2
15594,9953,3
15607,9956,3
15619,9959,3
15621,9962,2
15631,9964,3
15641,9967,3
15644,9970,2
15646,9972,2
15650,9974,3
15657,9977,3
15662,9980,3
15668,9983,3
15674,9986,2
15675,9988,3
15681,9991,3
15686,9994,3
15691,9997,3
15696,10000,3
15701,10003,3
15706,10006,3
15709,10009,3
15712,10012,3
15715,10015,3
15718,10018,3
15721,10021,3
15723,10024,3
15725,10027,3
15727,10030,3
15729,10033,3
15731,10036,3
15732,10039,3
15733,10042,3
15735,10045,3
15739,10048,3
15744,10051,2
15746,10053,3
15752,10056,3
15760,10059,3
15768,10062,3
15776,10065,3
15784,10068,3
15790,10071,3
15795,10074,3
15800,10077,3
15805,10080,3
15811,10083,3
15815,10086,3
15820,10089,3
15825,10092,3
15830,10095,3
15834,10098,3
15838,10101,3
15843,10104,3
15848,10107,3
15852,10110,3
15862,10113,3
15871,10116,3
15880,10119,3
15888,10122,3
15896,10125,3
15905,10128,3
15913,10131,3
15919,10134,3
15928,10137,3
15936,10140,3
15944,10143,3
15953,10146,3
15961,10149,3
15969,10152,3
15976,10155,3
15982,10158,3
15989,10161,3
15997,10164,3
16005,10167,3
16013,10170,3
16021,10173,3
16029,10176,3
16036,10179,3
16042,10182,3
16049,10185,3
16056,10188,3
16063,10191,3
16070,10194,3
16077,10197,3
16085,10200,3
16091,10203,3
16098,10206,3
16104,10209,3
16111,10212,3
16118,10215,3
16124,10218,3
16130,10221,3
16137,10224,3
16144,10227,3
16152,10230,3
16160,10233,3
16168,10236,3
16176,10239,3
16183,10242,3
16190,10245,3
16198,10248,3
16206,10251,3
16212,10254,3
16218,10257,3
16224,10260,3
16229,10263,3
16235,10266,3
16241,10269,3
16246,10272,3
16251,10275,3
16257,10278,3
16266,10281,3
16274,10284,3
16283,10287,3
16293,10290,3
16302,10293,3
16310,10296,3
16318,10299,3
16325,10302,3
16332,10305,3
16340,10308,3
16349,10311,3
16358,10314,3
16367,10317,3
16377,10320,3
16387,10323,3
16397,10326,3
16404,10329,3
16411,10332,3
16418,10335,3
16425,10338,3
16432,10341,3
16439,10344,3
16445,10347,3
16451,10350,3
16457,10353,3
16464,10356,3
16470,10359,3
16476,10362,3
16483,10365,3
16490,10368,3
16495,10371,3
16500,10374,3
16505,10377,3
16511,10380,3
16517,10383,3
16524,10386,3
16530,10389,3
16534,10392,3
16539,10395,3
16546,10398,3
16553,10401,3
16560,10404,3
16567,10407,3
16574,10410,3
16581,10413,3
16588,10416,3
16595,10419,3
16598,10422,3
16603,10425,3
16611,10428,3
16618,10431,3
16623,10434,3
16632,10437,3
16640,10440,3
16648,10443,3
16655,10446,3
16661,10449,3
16669,10452,3
16676,10455,3
16682,10458,3
16688,10461,2
16690,10463,3
16692,10466,2
16698,10468,3
16705,10471,3
16707,10474,2
16713,10476,3
16716,10479,2
16719,10481,2
16721,10483,3
16727,10486,3
16732,10489,3
16738,10492,3
16743,10495,3
16744,10498,2
16748,10500,3
16750,10503,2
16754,10505,3
16760,10508,3
16761,10511,2
16766,10513,3
16773,10516,3
16779,10519,3
16785,10522,3
16786,10525,2
16792,10527,3
16799,10530,3
16806,10533,3
16813,10536,3
16820,10539,3
16826,10542,3
16832,10545,3
16833,10548,2
16834,10550,2
16839,10552,3
16846,10555,3
16852,10558,3
16857,10561,3
16863,10564,3
16868,10567,3
16873,10570,3
16878,10573,3
16882,10576,3
16886,10579,3
16887,10582,2
16891,10584,3
16895,10587,3
16898,10590,3
16902,10593,3
16905,10596,3
16907,10599,2
16910,10601,3
16914,10604,3
16918,10607,3
16921,10610,3
16924,10613,3
16926,10616,3
16927,10619,2
16929,10621,3
16931,10624,3
16934,10627,3
16936,10630,3
16937,10633,2
16940,10635,3
16943,10638,3
16946,10641,3
16948,10644,3
16949,10647,2
16950,10649,2
16952,10651,2
16953,10653,2
16954,10655,3
16960,10658,3
16962,10661,2
16967,10663,3
16971,10666,3
16976,10669,3
16980,10672,3
16984,10675,3
16988,10678,3
16989,10681,2
16993,10683,3
16998,10686,3
17003,10689,3
17008,10692,3
17012,10695,3
17016,10698,3
17020,10701,3
17024,10704,3
17028,10707,3
17031,10710,3
17034,10713,3
17036,10716,3
17038,10719,3
17041,10722,3
17043,10725,3
17045,10728,3
17046,10731,3
17050,10734,3
17055,10737,3
17056,10740,3
17057,10743,3
17062,10746,3
17066,10749,3
17070,10752,3
17074,10755,3
17078,10758,3
17082,10761,3
17085,10764,3
17091,10767,3
17097,10770,3
17103,10773,3
17109,10776,3
17114,10779,3
17119,10782,3
17124,10785,3
17130,10788,3
17136,10791,3
17141,10794,3
17145,10797,3
17150,10800,3
17155,10803,3
17160,10806,3
17165,10809,3
17170,10812,3
17175,10815,3
17180,10818,3
17185,10821,3
17190,10824,3
17193,10827,3
17197,10830,3
17203,10833,3
17209,10836,3
17215,10839,3
17221,10842,3
17227,10845,3
17232,10848,3
17238,10851,3
17246,10854,3
17252,10857,3
17258,10860,3
17263,10863,3
17269,10866,3
17277,10869,3
17286,10872,3
17294,10875,3
17301,10878,3
17307,10881,3
17314,10884,3
17321,10887,3
17327,10890,3
17335,10893,3
17343,10896,3
17350,10899,3
17359,10902,3
17367,10905,3
17376,10908,3
17384,10911,3
17392,10914,3
17401,10917,3
17410,10920,3
17418,10923,3
17427,10926,3
17436,10929,3
17442,10932,3
17443,10935,2
17447,10937,3
17451,10940,3
17455,10943,3
17459,10946,3
17463,10949,3
17464,10952,2
17468,10954,3
17473,10957,3
17474,10960,2
17475,10962,2
17480,10964,3
17487,10967,3
17494,10970,3
17500,10973,3
17501,10976,2
17507,10978,3
17511,10981,2
17514,10983,3
17520,10986,3
17527,10989,3
17533,10992,3
17537,10995,3
17541,10998,3
17545,11001,3
17549,11004,3
17553,11007,3
17557,11010,3
17560,11013,3
17563,11016,3
17565,11019,3
17567,11022,3
17570,11025,3
17572,11028,3
17575,11031,3
17580,11034,3
17588,11037,3
17596,11040,3
