P,100,101,0.112639,0.0236656,-1.57066,100,0,0,0,100,0,0,0,1000
L,101,4,0.0506482,0.357701,100,0,0,100
L,101,9,2.14422,2.15998,100,0,0,100
L,101,16,1.64059,3.7969,100,0,0,100
L,101,50,3.04523,-3.32967,100,0,0,100
L,101,53,2.15434,-2.80136,100,0,0,100
L,101,64,2.08673,2.18691,100,0,0,100
L,101,68,0.0231793,-0.546656,100,0,0,100
L,101,78,0.422709,4.79759,100,0,0,100
L,101,88,1.36693,-0.29157,100,0,0,100
P,101,102,0.986418,0.101455,-0.0373695,100,0,0,0,100,0,0,0,1000
L,102,9,1.15143,2.14229,100,0,0,100
L,102,16,0.742774,3.71252,100,0,0,100
L,102,50,2.0596,-3.21142,100,0,0,100
L,102,53,0.700505,-2.56365,100,0,0,100
L,102,64,1.24665,2.19028,100,0,0,100
L,102,88,0.282219,-0.288983,100,0,0,100
P,102,103,-0.366915,-0.0657987,1.55688,100,0,0,0,100,0,0,0,1000
L,103,4,0.250282,1.00162,100,0,0,100
L,103,9,2.13561,-0.993277,100,0,0,100
L,103,16,3.64958,-0.605277,100,0,0,100
L,103,64,2.30961,-1.31597,100,0,0,100
L,103,78,4.95674,0.728739,100,0,0,100
P,103,104,0.974291,-0.0784443,0.000188187,100,0,0,0,100,0,0,0,1000
L,104,9,1.13303,-1.13539,100,0,0,100
L,104,16,2.67387,-0.689828,100,0,0,100
L,104,38,1.43623,-4.46509,100,0,0,100
L,104,64,1.24753,-1.28806,100,0,0,100
L,104,78,3.91773,0.602721,100,0,0,100
P,104,105,0.892991,-0.0918324,-0.0519822,100,0,0,0,100,0,0,0,1000
L,105,9,0.334295,-1.04879,100,0,0,100
L,105,16,1.56583,-0.667554,100,0,0,100
L,105,38,0.353493,-4.33313,100,0,0,100
L,105,64,0.138794,-1.37616,100,0,0,100
L,105,78,3.03236,0.598071,100,0,0,100
P,105,106,0.927972,-0.031735,-0.00429502,100,0,0,0,100,0,0,0,1000
L,106,16,0.611426,-0.777877,100,0,0,100
L,106,61,3.1932,2.61977,100,0,0,100
L,106,74,4.62235,-0.184755,100,0,0,100
L,106,78,2.02766,0.438725,100,0,0,100
L,106,94,1.42853,4.56164,100,0,0,100
P,106,107,1.11985,-0.0172724,0.0267029,100,0,0,0,100,0,0,0,1000
L,107,1,4.80113,-0.850361,100,0,0,100
L,107,34,3.93649,-2.11931,100,0,0,100
L,107,61,2.11815,2.49502,100,0,0,100
L,107,67,4.11844,0.351219,100,0,0,100
L,107,74,3.64663,-0.246854,100,0,0,100
L,107,78,1.03798,0.509298,100,0,0,100
L,107,94,0.116959,4.48648,100,0,0,100
P,107,108,1.0653,-0.103804,0.0165841,100,0,0,0,100,0,0,0,1000
L,108,1,3.96289,-0.938155,100,0,0,100
L,108,34,2.93785,-1.82216,100,0,0,100
L,108,61,1.35619,2.68729,100,0,0,100
L,108,67,3.31514,0.262478,100,0,0,100
L,108,74,2.44998,-0.0423869,100,0,0,100
P,108,109,0.913077,0.193701,0.00911802,100,0,0,0,100,0,0,0,1000
L,109,1,2.70897,-0.850427,100,0,0,100
L,109,34,1.8466,-1.98832,100,0,0,100
L,109,55,3.52228,-3.60118,100,0,0,100
L,109,61,-0.102777,2.45715,100,0,0,100
L,109,67,2.32067,0.440339,100,0,0,100
L,109,74,1.69247,-0.345207,100,0,0,100
P,109,110,-0.0900247,-0.0483525,1.56158,100,0,0,0,100,0,0,0,1000
L,110,61,2.74698,-0.29625,100,0,0,100
L,110,67,0.432055,-2.3007,100,0,0,100
L,110,78,0.46364,1.17535,100,0,0,100
L,110,94,4.53062,1.82075,100,0,0,100
P,110,111,0.0239507,0.070007,1.58291,100,0,0,0,100,0,0,0,1000
L,111,9,3.79458,1.08368,100,0,0,100
L,111,16,2.35686,0.793858,100,0,0,100
L,111,64,3.553,1.19804,100,0,0,100
L,111,78,1.22869,-0.430377,100,0,0,100
L,111,94,1.66361,-4.56093,100,0,0,100
P,111,112,0.823693,0.0530558,0.0139944,100,0,0,0,100,0,0,0,1000
L,112,4,4.69484,-0.931923,100,0,0,100
L,112,9,2.73562,0.943596,100,0,0,100
L,112,16,1.18424,0.678194,100,0,0,100
L,112,64,2.91644,1.18894,100,0,0,100
L,112,78,-0.0624059,-0.487601,100,0,0,100
L,112,94,0.830293,-4.55726,100,0,0,100
P,112,113,0.901845,-0.00522833,0.076932,100,0,0,0,100,0,0,0,1000
L,113,4,3.59292,-1.22968,100,0,0,100
L,113,9,1.77548,1.05941,100,0,0,100
L,113,16,0.184329,0.583824,100,0,0,100
L,113,38,1.67765,4.27934,100,0,0,100
L,113,64,1.74072,1.11739,100,0,0,100
L,113,68,4.47304,-0.96237,100,0,0,100
L,113,88,4.24798,0.30929,100,0,0,100
P,113,114,0.0265233,0.136752,1.53797,100,0,0,0,100,0,0,0,1000
L,114,1,0.892507,4.78098,100,0,0,100
L,114,9,1.00828,-1.95555,100,0,0,100
L,114,16,0.75765,-0.232404,100,0,0,100
L,114,34,1.98097,3.9376,100,0,0,100
L,114,38,4.34781,-1.47345,100,0,0,100
L,114,64,1.09453,-1.78152,100,0,0,100
L,114,74,0.258633,3.50379,100,0,0,100
L,114,88,0.268932,-4.35508,100,0,0,100
P,114,115,-0.0314959,0.0215721,-1.55836,100,0,0,0,100,0,0,0,1000
L,115,4,3.54533,-0.875093,100,0,0,100
L,115,9,1.96428,1.06771,100,0,0,100
L,115,16,0.251742,0.65188,100,0,0,100
L,115,38,1.61286,4.45778,100,0,0,100
L,115,64,1.62179,1.19605,100,0,0,100
L,115,68,4.39685,-0.924717,100,0,0,100
L,115,88,4.23016,0.208377,100,0,0,100
P,115,116,1.03432,-0.0178211,-0.0222138,100,0,0,0,100,0,0,0,1000
L,116,4,2.45942,-0.984438,100,0,0,100
L,116,9,0.784888,1.05782,100,0,0,100
L,116,38,0.591497,4.40799,100,0,0,100
L,116,64,0.744106,1.02955,100,0,0,100
L,116,68,3.48686,-0.941213,100,0,0,100
L,116,88,3.30875,0.382677,100,0,0,100
P,116,117,0.955761,0.117263,-0.00544246,100,0,0,0,100,0,0,0,1000
L,117,4,1.48902,-0.926827,100,0,0,100
L,117,27,2.27381,-3.80973,100,0,0,100
L,117,53,4.78269,0.698023,100,0,0,100
L,117,68,2.34201,-0.894894,100,0,0,100
L,117,88,2.19814,0.186304,100,0,0,100
P,117,118,1.04047,-0.00922134,-0.0137291,100,0,0,0,100,0,0,0,1000
L,118,4,0.565958,-0.907369,100,0,0,100
L,118,27,1.36315,-3.78562,100,0,0,100
L,118,50,3.99183,2.00772,100,0,0,100
L,118,53,3.75923,0.761217,100,0,0,100
L,118,68,1.53752,-0.943006,100,0,0,100
L,118,77,3.89143,-3.00879,100,0,0,100
L,118,88,1.20038,0.139439,100,0,0,100
P,118,119,1.05865,-0.126561,-0.0500724,100,0,0,0,100,0,0,0,1000
L,119,48,1.08986,-4.80254,100,0,0,100
L,119,27,0.387343,-3.6666,100,0,0,100
L,119,50,3.25172,2.10928,100,0,0,100
L,119,53,2.60841,0.865697,100,0,0,100
L,119,68,0.370099,-0.980259,100,0,0,100
L,119,77,2.78662,-2.97734,100,0,0,100
L,119,88,0.214231,0.0878748,100,0,0,100
P,119,120,0.916697,0.112613,-0.0227771,100,0,0,0,100,0,0,0,1000
L,120,48,-0.0511639,-4.82653,100,0,0,100
L,120,50,2.24435,2.01096,100,0,0,100
L,120,53,1.78252,0.584407,100,0,0,100
L,120,77,1.63645,-2.97623,100,0,0,100
L,120,81,4.23657,-2.57051,100,0,0,100
P,120,121,0.915983,-0.119545,-0.0219426,100,0,0,0,100,0,0,0,1000
L,121,50,1.26287,2.18916,100,0,0,100
L,121,53,0.850342,0.646895,100,0,0,100
L,121,77,0.66039,-3.11895,100,0,0,100
L,121,81,2.90662,-2.55439,100,0,0,100
P,121,122,0.0084859,0.147815,-1.56288,100,0,0,0,100,0,0,0,1000
L,122,4,1.0836,-2.48112,100,0,0,100
L,122,48,4.8673,-1.07206,100,0,0,100
L,122,27,3.61691,-1.92823,100,0,0,100
L,122,68,0.910387,-1.41524,100,0,0,100
L,122,77,3.23613,0.929183,100,0,0,100
L,122,81,2.5438,3.05444,100,0,0,100
P,122,123,1.06569,-0.0467337,0.0651455,100,0,0,0,100,0,0,0,1000
L,123,48,3.83727,-0.86577,100,0,0,100
L,123,27,2.80422,-1.51717,100,0,0,100
L,123,60,4.05722,0.152842,100,0,0,100
L,123,77,2.05924,0.722308,100,0,0,100
L,123,81,1.56525,3.09345,100,0,0,100
P,123,124,-0.00482788,-0.153128,-1.55837,100,0,0,0,100,0,0,0,1000
L,124,4,2.19333,-0.274996,100,0,0,100
L,124,9,4.27375,-2.06693,100,0,0,100
L,124,48,0.979423,3.92239,100,0,0,100
L,124,27,1.66018,2.78256,100,0,0,100
L,124,64,4.27304,-2.21008,100,0,0,100
L,124,68,1.63134,-0.145572,100,0,0,100
L,124,88,1.9318,-1.29852,100,0,0,100
P,124,125,-0.144447,0.140001,-1.61056,100,0,0,0,100,0,0,0,1000
L,125,4,-0.125593,2.36714,100,0,0,100
L,125,9,2.06863,4.04422,100,0,0,100
L,125,50,3.20148,-1.12116,100,0,0,100
L,125,53,1.77736,-0.875294,100,0,0,100
L,125,64,2.20438,4.22838,100,0,0,100
L,125,68,0.320428,1.71129,100,0,0,100
L,125,88,1.28853,1.68852,100,0,0,100
P,125,126,0.0588727,-0.00879489,1.58116,100,0,0,0,100,0,0,0,1000
L,126,4,2.34453,-0.148493,100,0,0,100
L,126,9,4.24719,-2.07922,100,0,0,100
L,126,48,0.97312,3.82977,100,0,0,100
L,126,27,1.73378,2.80821,100,0,0,100
L,126,64,4.30779,-2.00244,100,0,0,100
L,126,68,1.60483,0.0594053,100,0,0,100
L,126,88,1.77705,-1.22008,100,0,0,100
P,126,127,0.962925,0.0760149,0.0075386,100,0,0,0,100,0,0,0,1000
L,127,4,1.2758,-0.00491844,100,0,0,100
L,127,9,3.15911,-2.08116,100,0,0,100
L,127,16,4.64796,-1.53333,100,0,0,100
L,127,27,0.77877,2.97575,100,0,0,100
L,127,64,3.17968,-2.20738,100,0,0,100
L,127,68,0.474571,-0.185126,100,0,0,100
L,127,88,0.826055,-1.06363,100,0,0,100
P,127,128,1.05375,-0.129128,0.0206508,100,0,0,0,100,0,0,0,1000
L,128,4,0.343894,-0.0729978,100,0,0,100
L,128,9,2.07393,-2.20907,100,0,0,100
L,128,16,3.62641,-1.5817,100,0,0,100
L,128,64,2.2374,-2.29585,100,0,0,100
L,128,78,5.15266,-0.648907,100,0,0,100
P,128,129,1.17884,-0.0926226,0.0128608,100,0,0,0,100,0,0,0,1000
L,129,9,1.3167,-2.09899,100,0,0,100
L,129,16,2.77928,-1.63481,100,0,0,100
L,129,64,1.30054,-2.1096,100,0,0,100
L,129,78,4.07195,-0.529102,100,0,0,100
L,129,94,3.24687,3.5539,100,0,0,100
P,129,130,0.731183,0.0936001,0.0210356,100,0,0,0,100,0,0,0,1000
L,130,9,0.242102,-2.14876,100,0,0,100
L,130,16,1.81377,-1.62573,100,0,0,100
L,130,61,4.13586,1.69018,100,0,0,100
L,130,64,0.28409,-2.29715,100,0,0,100
L,130,78,2.92638,-0.41258,100,0,0,100
L,130,94,1.98616,3.52333,100,0,0,100
P,130,131,-0.147613,-0.00270764,-1.62262,100,0,0,0,100,0,0,0,1000
L,131,4,0.235783,-1.6591,100,0,0,100
L,131,9,2.0496,0.166393,100,0,0,100
L,131,16,1.724,1.64912,100,0,0,100
L,131,64,2.11585,0.357862,100,0,0,100
L,131,68,0.00506257,-2.47603,100,0,0,100
L,131,78,0.343556,2.88314,100,0,0,100
L,131,88,1.17608,-2.18535,100,0,0,100
P,131,132,1.03794,-0.00489434,-0.015993,100,0,0,0,100,0,0,0,1000
L,132,9,1.09451,0.424532,100,0,0,100
L,132,16,0.721689,1.81199,100,0,0,100
L,132,38,4.42598,0.366432,100,0,0,100
L,132,53,0.963088,-4.70446,100,0,0,100
L,132,64,1.19942,0.111833,100,0,0,100
L,132,88,0.179749,-2.15855,100,0,0,100
P,132,133,0.990985,0.127033,-0.00593518,100,0,0,0,100,0,0,0,1000
L,133,9,-0.333788,0.15997,100,0,0,100
L,133,38,3.35458,0.423673,100,0,0,100
L,133,59,4.57764,1.11963,100,0,0,100
L,133,64,0.162632,0.22342,100,0,0,100
L,133,69,4.32651,-1.65145,100,0,0,100
P,133,134,0.996723,-0.163617,0.00260677,100,0,0,0,100,0,0,0,1000
L,134,38,2.29139,0.353856,100,0,0,100
L,134,59,3.54955,1.38949,100,0,0,100
L,134,69,3.40946,-1.61047,100,0,0,100
P,134,135,1.03025,0.0786128,-0.0428259,100,0,0,0,100,0,0,0,1000
L,135,15,3.90763,2.02822,100,0,0,100
L,135,38,1.40552,0.540134,100,0,0,100
L,135,59,2.85263,1.27645,100,0,0,100
L,135,69,2.38456,-1.60286,100,0,0,100
L,135,84,4.62624,-0.540402,100,0,0,100
P,135,136,1.04286,0.126216,-0.0106432,100,0,0,0,100,0,0,0,1000
L,136,15,3.06938,1.97336,100,0,0,100
L,136,38,0.502463,0.274055,100,0,0,100
L,136,59,1.77926,1.26656,100,0,0,100
L,136,69,1.41956,-1.80759,100,0,0,100
L,136,71,2.02066,-4.64242,100,0,0,100
L,136,75,3.80941,2.51039,100,0,0,100
L,136,84,3.44758,-0.557298,100,0,0,100
L,136,90,1.72055,4.77503,100,0,0,100
L,136,91,4.16358,-1.51857,100,0,0,100
L,136,92,4.14467,0.880919,100,0,0,100
P,136,137,1.02196,0.0117291,-0.00689957,100,0,0,0,100,0,0,0,1000
L,137,15,2.0933,1.82765,100,0,0,100
L,137,26,3.79034,-2.50938,100,0,0,100
L,137,59,0.61319,1.47408,100,0,0,100
L,137,69,0.393518,-1.71676,100,0,0,100
L,137,71,0.959921,-4.40353,100,0,0,100
L,137,75,2.77338,2.2536,100,0,0,100
L,137,84,2.32073,-0.689835,100,0,0,100
L,137,86,3.67876,-2.23778,100,0,0,100
L,137,90,0.625952,4.73823,100,0,0,100
L,137,91,3.14151,-1.59647,100,0,0,100
L,137,92,3.20513,0.901206,100,0,0,100
P,137,138,1.04935,-0.0849947,0.0136829,100,0,0,0,100,0,0,0,1000
L,138,6,3.71035,-1.64345,100,0,0,100
L,138,15,0.970135,2.19881,100,0,0,100
L,138,26,2.90728,-2.60426,100,0,0,100
L,138,43,4.15624,-2.26498,100,0,0,100
L,138,54,2.92712,3.4254,100,0,0,100
L,138,71,-0.096328,-4.66584,100,0,0,100
L,138,75,1.87867,2.57535,100,0,0,100
L,138,84,1.54855,-0.601182,100,0,0,100
L,138,86,2.7221,-2.21754,100,0,0,100
L,138,91,2.06618,-1.46691,100,0,0,100
L,138,92,1.8378,1.04495,100,0,0,100
P,138,139,-0.0523044,0.052098,1.61365,100,0,0,0,100,0,0,0,1000
L,139,9,-0.0220846,4.92362,100,0,0,100
L,139,15,2.00808,-0.99041,100,0,0,100
L,139,38,0.569294,1.62835,100,0,0,100
L,139,54,3.67313,-2.65432,100,0,0,100
L,139,59,1.11084,0.356639,100,0,0,100
L,139,64,0.336079,4.71998,100,0,0,100
L,139,75,2.50008,-1.88242,100,0,0,100
L,139,90,4.57775,0.319868,100,0,0,100
L,139,92,0.85856,-1.89193,100,0,0,100
P,139,140,-0.0197712,0.11501,-1.5105,100,0,0,0,100,0,0,0,1000
L,140,6,3.78753,-1.86802,100,0,0,100
L,140,15,0.919415,2.16873,100,0,0,100
L,140,26,2.72334,-2.53505,100,0,0,100
L,140,43,4.1154,-2.24315,100,0,0,100
L,140,54,2.81783,3.20956,100,0,0,100
L,140,71,-0.106658,-4.60688,100,0,0,100
L,140,75,1.90044,2.43541,100,0,0,100
L,140,84,1.4096,-0.651416,100,0,0,100
L,140,86,2.7752,-2.2858,100,0,0,100
L,140,91,2.28543,-1.27619,100,0,0,100
L,140,92,2.06569,0.830742,100,0,0,100
