8.76682
-2.35679
0.470347
-0.0269338
-0.483767
-10.9327
2.27291
-2.12026
3.48411
-8.45679
3.90976
-1.61641
-1.17907
-9.84112
-0.0901206
2.44597
7.8029
-3.55207
2.33806
-5.25424
-1.15319
-11.3029
-0.684117
3.65423
-3.21662
-3.02202
-2.68843
-2.13106
4.6419
-10.7478
9.34637
-4.96597
2.92328
-6.97669
-1.60441
3.91435
6.39335
1.27703
2.29983
-2.06277
8.18301
-1.10419
-0.434014
0.000411776
0.177968
-6.5237
-2.9383
-6.82611
7.51411
-1.66435
3.9383
-9.48592
-2.71312
1.73111
4.91029
-0.398389
-4.84096
1.70282
0.850685
-8.88019
-0.895229
-9.76595
-0.178745
-1.3433
6.44394
-7.69324
-0.103525
-9.33899
2.27987
-9.61704
4.84666
3.39662
0.0
0.0
0.0
0.112639
0.0236656
-1.57066
0.214228
-0.962739
-1.60803
0.162134
-0.593629
-0.0511495
1.13114
-0.721783
-0.0509613
2.01829
-0.858984
-0.102944
2.93809
-0.985912
-0.107239
4.04966
-1.12295
-0.0805356
5.10316
-1.31212
-0.0639515
6.02675
-1.17716
-0.0548335
5.93421
-1.22051
1.50675
5.86588
-1.19213
3.08966
5.04054
-1.20235
3.10365
4.13954
-1.16292
-3.1026
4.11837
-1.3006
-1.56463
4.13975
-1.26897
-3.12299
3.10527
-1.27039
3.13798
2.1491
-1.3842
3.13254
1.10875
-1.36555
3.11881
0.0532601
-1.21491
3.06874
-0.869202
-1.26049
3.04596
-1.76958
-1.05403
3.02402
-1.79535
-1.19983
1.46114
-1.63227
-0.145652
1.52628
-1.47951
-0.15729
-0.0320891
-1.61939
-0.0127265
-1.64265
-1.63239
-0.0708159
-0.0614891
-0.66661
-0.0541167
-0.0539505
0.378644
-0.23988
-0.0332997
1.55375
-0.371699
-0.0204389
2.28669
-0.293061
0.000596727
2.13908
-0.295857
-1.62202
2.08104
-1.33219
-1.63802
2.14123
-2.32946
-1.64395
1.9052
-3.31156
-1.64134
1.91099
-4.34479
-1.68417
1.91842
-5.39524
-1.69481
1.80364
-6.4108
-1.70171
1.58239
-7.44007
-1.68803
1.64024
-7.39422
-0.0743805
1.62907
-7.27806
-1.58488
