0,0,3
1,3,3
2,6,3
3,9,3
4,12,3
5,15,3
6,18,3
7,21,3
8,24,3
9,27,3
10,30,3
11,33,3
12,36,3
13,39,3
14,42,3
15,45,3
16,48,3
17,51,3
18,54,3
19,57,3
20,60,3
21,63,3
22,66,3
23,69,3
24,72,3
25,75,3
26,78,3
27,81,3
28,84,3
29,87,3
30,90,3
31,93,3
32,96,3
33,99,3
34,102,3
35,105,3
36,108,3
37,111,3
38,114,3
39,117,3
40,120,3
41,123,3
42,126,3
43,129,3
44,132,3
45,135,3
46,138,3
47,141,3
48,144,3
49,147,3
50,150,3
51,153,3
52,156,3
53,159,3
54,162,3
55,165,3
56,168,3
57,171,3
58,174,3
59,177,3
60,180,3
61,183,3
62,186,3
63,189,3
64,192,3
65,195,3
66,198,3
67,201,3
68,204,3
69,207,3
70,210,3
71,213,3
72,216,3
73,219,3
74,222,3
75,225,3
76,228,3
77,231,3
78,234,3
79,237,3
80,240,3
81,243,3
82,246,3
83,249,3
84,252,3
85,255,3
86,258,3
87,261,3
88,264,3
89,267,3
90,270,3
91,273,3
92,276,3
93,279,3
94,282,3
95,285,3
96,288,3
97,291,3
98,294,3
99,297,3
100,300,3
101,303,3
102,306,3
103,309,3
104,312,3
105,315,3
106,318,3
107,321,3
108,324,3
109,327,3
110,330,3
111,333,3
112,336,3
113,339,3
114,342,3
115,345,3
116,348,3
117,351,3
118,354,3
119,357,3
120,360,3
121,363,3
122,366,3
123,369,3
124,372,3
125,375,3
126,378,3
127,381,3
128,384,3
129,387,3
130,390,3
131,393,3
132,396,3
133,399,3
134,402,3
135,405,3
136,408,3
137,411,3
138,414,3
139,417,3
140,420,3
141,423,3
142,426,3
143,429,3
144,432,3
145,435,3
146,438,3
147,441,3
148,444,3
149,447,3
150,450,3
151,453,3
152,456,3
153,459,3
154,462,3
155,465,3
156,468,3
157,471,3
158,474,3
159,477,3
160,480,3
161,483,3
162,486,3
163,489,3
164,492,3
165,495,3
166,498,3
167,501,3
168,504,3
169,507,3
170,510,3
171,513,3
172,516,3
173,519,3
174,522,3
175,525,3
176,528,3
177,531,3
178,534,3
179,537,3
180,540,3
181,543,3
182,546,3
183,549,3
184,552,3
185,555,3
186,558,3
187,561,3
188,564,3
189,567,3
190,570,3
191,573,3
192,576,3
193,579,3
194,582,3
195,585,3
196,588,3
197,591,3
198,594,3
199,597,3
200,600,3
201,603,3
202,606,3
203,609,3
204,612,3
205,615,3
206,618,3
207,621,3
208,624,3
209,627,3
210,630,3
211,633,3
212,636,3
213,639,3
214,642,3
215,645,3
216,648,3
217,651,3
218,654,3
219,657,3
220,660,3
221,663,3
222,666,3
223,669,3
224,672,3
225,675,3
226,678,3
227,681,3
228,684,3
229,687,3
230,690,3
231,693,3
232,696,3
233,699,3
234,702,3
235,705,3
236,708,3
237,711,3
238,714,3
239,717,3
240,720,3
241,723,3
242,726,3
243,729,3
244,732,3
245,735,3
246,738,3
247,741,3
248,744,3
249,747,3
250,750,3
251,753,3
252,756,3
253,759,3
254,762,3
255,765,3
256,768,3
257,771,3
258,774,3
259,777,3
260,780,3
261,783,3
262,786,3
263,789,3
264,792,3
265,795,3
266,798,3
267,801,3
268,804,3
269,807,3
270,810,3
271,813,3
272,816,3
273,819,3
274,822,3
275,825,3
276,828,3
277,831,3
278,834,3
279,837,3
280,840,3
281,843,3
282,846,3
283,849,3
284,852,3
285,855,3
286,858,3
287,861,3
288,864,3
289,867,3
290,870,3
291,873,3
292,876,3
293,879,3
294,882,3
295,885,3
296,888,3
297,891,3
298,894,3
299,897,3
300,900,3
301,903,3
302,906,3
303,909,3
304,912,3
305,915,3
306,918,3
307,921,3
308,924,3
309,927,3
310,930,3
311,933,3
312,936,3
313,939,3
314,942,3
315,945,3
316,948,3
317,951,3
318,954,3
319,957,3
320,960,3
321,963,3
322,966,3
323,969,3
324,972,3
325,975,3
326,978,3
327,981,3
328,984,3
329,987,3
330,990,3
331,993,3
332,996,3
333,999,3
334,1002,3
335,1005,3
336,1008,3
337,1011,3
338,1014,3
339,1017,3
340,1020,3
341,1023,3
342,1026,3
343,1029,3
344,1032,3
345,1035,3
346,1038,3
347,1041,3
348,1044,3
349,1047,3
350,1050,3
351,1053,3
352,1056,3
353,1059,3
354,1062,3
355,1065,3
356,1068,3
357,1071,3
358,1074,3
359,1077,3
360,1080,3
361,1083,3
362,1086,3
363,1089,3
364,1092,3
365,1095,3
366,1098,3
367,1101,3
368,1104,3
369,1107,3
370,1110,3
371,1113,3
372,1116,3
373,1119,3
374,1122,3
375,1125,3
376,1128,3
377,1131,3
378,1134,3
379,1137,3
380,1140,3
381,1143,3
382,1146,3
383,1149,3
384,1152,3
385,1155,3
386,1158,3
387,1161,3
388,1164,3
389,1167,3
390,1170,3
391,1173,3
392,1176,3
393,1179,3
394,1182,3
395,1185,3
396,1188,3
397,1191,3
398,1194,3
399,1197,3
400,1200,3
401,1203,3
402,1206,3
403,1209,3
404,1212,3
405,1215,3
406,1218,3
407,1221,3
408,1224,3
409,1227,3
410,1230,3
411,1233,3
412,1236,3
413,1239,3
414,1242,3
415,1245,3
416,1248,3
417,1251,3
418,1254,3
419,1257,3
420,1260,3
421,1263,3
422,1266,3
423,1269,3
424,1272,3
425,1275,3
426,1278,3
427,1281,3
428,1284,3
429,1287,3
430,1290,3
431,1293,3
432,1296,3
433,1299,3
434,1302,3
435,1305,3
436,1308,3
437,1311,3
438,1314,3
439,1317,3
440,1320,3
441,1323,3
442,1326,3
443,1329,3
444,1332,3
445,1335,3
446,1338,3
447,1341,3
448,1344,3
449,1347,3
450,1350,3
451,1353,3
452,1356,3
453,1359,3
454,1362,3
455,1365,3
456,1368,3
457,1371,3
458,1374,3
459,1377,3
460,1380,3
461,1383,3
462,1386,3
463,1389,3
464,1392,3
465,1395,3
466,1398,3
467,1401,3
468,1404,3
469,1407,3
470,1410,3
471,1413,3
472,1416,3
473,1419,3
474,1422,3
475,1425,3
476,1428,3
477,1431,3
478,1434,3
479,1437,3
480,1440,3
481,1443,3
482,1446,3
483,1449,3
484,1452,3
485,1455,3
486,1458,3
487,1461,3
488,1464,3
489,1467,3
490,1470,3
491,1473,3
492,1476,3
493,1479,3
494,1482,3
495,1485,3
496,1488,3
497,1491,3
498,1494,3
499,1497,3
500,1500,3
501,1503,3
502,1506,3
503,1509,3
504,1512,3
505,1515,3
506,1518,3
507,1521,3
508,1524,3
509,1527,3
510,1530,3
511,1533,3
512,1536,3
513,1539,3
514,1542,3
515,1545,3
516,1548,3
517,1551,3
518,1554,3
519,1557,3
520,1560,3
521,1563,3
522,1566,3
523,1569,3
524,1572,3
525,1575,3
526,1578,3
527,1581,3
528,1584,3
529,1587,3
530,1590,3
531,1593,3
532,1596,3
533,1599,3
534,1602,3
535,1605,3
536,1608,3
537,1611,3
538,1614,3
539,1617,3
540,1620,3
541,1623,3
542,1626,3
543,1629,3
544,1632,3
545,1635,3
546,1638,3
547,1641,3
548,1644,3
549,1647,3
550,1650,3
551,1653,3
552,1656,3
553,1659,3
554,1662,3
555,1665,3
556,1668,3
557,1671,3
558,1674,3
559,1677,3
560,1680,3
561,1683,3
562,1686,3
563,1689,3
564,1692,3
565,1695,3
566,1698,3
567,1701,3
568,1704,3
569,1707,3
570,1710,3
571,1713,3
572,1716,3
573,1719,3
574,1722,3
575,1725,3
576,1728,3
577,1731,3
578,1734,3
579,1737,3
580,1740,3
581,1743,3
582,1746,3
583,1749,3
584,1752,3
585,1755,3
586,1758,3
587,1761,3
588,1764,3
589,1767,3
590,1770,3
591,1773,3
592,1776,3
593,1779,3
594,1782,3
595,1785,3
596,1788,3
597,1791,3
598,1794,3
599,1797,3
600,1800,3
601,1803,3
602,1806,3
603,1809,3
604,1812,3
605,1815,3
606,1818,3
607,1821,3
608,1824,3
609,1827,3
610,1830,3
611,1833,3
612,1836,3
613,1839,3
614,1842,3
615,1845,3
616,1848,3
617,1851,3
618,1854,3
619,1857,3
620,1860,3
621,1863,3
622,1866,3
623,1869,3
624,1872,3
625,1875,3
626,1878,3
627,1881,3
628,1884,3
629,1887,3
630,1890,3
631,1893,3
632,1896,3
633,1899,3
634,1902,3
635,1905,3
636,1908,3
637,1911,3
638,1914,3
639,1917,3
640,1920,3
641,1923,3
642,1926,3
643,1929,3
644,1932,3
645,1935,3
646,1938,3
647,1941,3
648,1944,3
649,1947,3
650,1950,3
651,1953,3
652,1956,3
653,1959,3
654,1962,3
655,1965,3
656,1968,3
657,1971,3
658,1974,3
659,1977,3
660,1980,3
661,1983,3
662,1986,3
663,1989,3
664,1992,3
665,1995,3
666,1998,3
667,2001,3
668,2004,3
669,2007,3
670,2010,3
671,2013,3
672,2016,3
673,2019,3
674,2022,3
675,2025,3
676,2028,3
677,2031,3
678,2034,3
679,2037,3
680,2040,3
681,2043,3
682,2046,3
683,2049,3
684,2052,3
685,2055,3
686,2058,3
687,2061,3
688,2064,3
689,2067,3
690,2070,3
691,2073,3
692,2076,3
693,2079,3
694,2082,3
695,2085,3
696,2088,3
697,2091,3
698,2094,3
699,2097,3
700,2100,3
701,2103,3
702,2106,3
703,2109,3
704,2112,3
705,2115,3
706,2118,3
707,2121,3
708,2124,3
709,2127,3
710,2130,3
711,2133,3
712,2136,3
713,2139,3
714,2142,3
715,2145,3
716,2148,3
717,2151,3
718,2154,3
719,2157,3
720,2160,3
721,2163,3
722,2166,3
723,2169,3
724,2172,3
725,2175,3
726,2178,3
727,2181,3
728,2184,3
729,2187,3
730,2190,3
731,2193,3
732,2196,3
733,2199,3
734,2202,3
735,2205,3
736,2208,3
737,2211,3
738,2214,3
739,2217,3
740,2220,3
741,2223,3
742,2226,3
743,2229,3
744,2232,3
745,2235,3
746,2238,3
747,2241,3
748,2244,3
749,2247,3
750,2250,3
751,2253,3
752,2256,3
753,2259,3
754,2262,3
755,2265,3
756,2268,3
757,2271,3
758,2274,3
759,2277,3
760,2280,3
761,2283,3
762,2286,3
763,2289,3
764,2292,3
765,2295,3
766,2298,3
767,2301,3
768,2304,3
769,2307,3
770,2310,3
771,2313,3
772,2316,3
773,2319,3
774,2322,3
775,2325,3
776,2328,3
777,2331,3
778,2334,3
779,2337,3
780,2340,3
781,2343,3
782,2346,3
783,2349,3
784,2352,3
785,2355,3
786,2358,3
787,2361,3
788,2364,3
789,2367,3
790,2370,3
791,2373,3
792,2376,3
793,2379,3
794,2382,3
795,2385,3
796,2388,3
797,2391,3
798,2394,3
799,2397,3
800,2400,3
801,2403,3
802,2406,3
803,2409,3
804,2412,3
805,2415,3
806,2418,3
807,2421,3
808,2424,3
809,2427,3
810,2430,3
811,2433,3
812,2436,3
813,2439,3
814,2442,3
815,2445,3
816,2448,3
817,2451,3
818,2454,3
819,2457,3
820,2460,3
821,2463,3
822,2466,3
823,2469,3
824,2472,3
825,2475,3
826,2478,3
827,2481,3
828,2484,3
829,2487,3
830,2490,3
831,2493,3
832,2496,3
833,2499,3
834,2502,3
835,2505,3
836,2508,3
837,2511,3
838,2514,3
839,2517,3
840,2520,3
841,2523,3
842,2526,3
843,2529,3
844,2532,3
845,2535,3
846,2538,3
847,2541,3
848,2544,3
849,2547,3
850,2550,3
851,2553,3
852,2556,3
853,2559,3
854,2562,3
855,2565,3
856,2568,3
857,2571,3
858,2574,3
859,2577,3
860,2580,3
861,2583,3
862,2586,3
863,2589,3
864,2592,3
865,2595,3
866,2598,3
867,2601,3
868,2604,3
869,2607,3
870,2610,3
871,2613,3
872,2616,3
873,2619,3
874,2622,3
875,2625,3
876,2628,3
877,2631,3
878,2634,3
879,2637,3
880,2640,3
881,2643,3
882,2646,3
883,2649,3
884,2652,3
885,2655,3
886,2658,3
887,2661,3
888,2664,3
889,2667,3
890,2670,3
891,2673,3
892,2676,3
893,2679,3
894,2682,3
895,2685,3
896,2688,3
897,2691,3
898,2694,3
899,2697,3
900,2700,3
901,2703,3
902,2706,3
903,2709,3
904,2712,3
905,2715,3
906,2718,3
907,2721,3
908,2724,3
909,2727,3
910,2730,3
911,2733,3
912,2736,3
913,2739,3
914,2742,3
915,2745,3
916,2748,3
917,2751,3
918,2754,3
919,2757,3
920,2760,3
921,2763,3
922,2766,3
923,2769,3
924,2772,3
925,2775,3
926,2778,3
927,2781,3
928,2784,3
929,2787,3
930,2790,3
931,2793,3
932,2796,3
933,2799,3
934,2802,3
935,2805,3
936,2808,3
937,2811,3
938,2814,3
939,2817,3
940,2820,3
941,2823,3
942,2826,3
943,2829,3
944,2832,3
945,2835,3
946,2838,3
947,2841,3
948,2844,3
949,2847,3
950,2850,3
951,2853,3
952,2856,3
953,2859,3
954,2862,3
955,2865,3
956,2868,3
957,2871,3
958,2874,3
959,2877,3
960,2880,3
961,2883,3
962,2886,3
963,2889,3
964,2892,3
965,2895,3
966,2898,3
967,2901,3
968,2904,3
969,2907,3
970,2910,3
971,2913,3
972,2916,3
973,2919,3
974,2922,3
975,2925,3
976,2928,3
977,2931,3
978,2934,3
979,2937,3
980,2940,3
981,2943,3
982,2946,3
983,2949,3
984,2952,3
985,2955,3
986,2958,3
987,2961,3
988,2964,3
989,2967,3
990,2970,3
991,2973,3
992,2976,3
993,2979,3
994,2982,3
995,2985,3
996,2988,3
997,2991,3
998,2994,3
999,2997,3
1000,3000,3
1001,3003,3
1002,3006,3
1003,3009,3
1004,3012,3
1005,3015,3
1006,3018,3
1007,3021,3
1008,3024,3
1009,3027,3
1010,3030,3
1011,3033,3
1012,3036,3
1013,3039,3
1014,3042,3
1015,3045,3
1016,3048,3
1017,3051,3
1018,3054,3
1019,3057,3
1020,3060,3
1021,3063,3
1022,3066,3
1023,3069,3
1024,3072,3
1025,3075,3
1026,3078,3
1027,3081,3
1028,3084,3
1029,3087,3
1030,3090,3
1031,3093,3
1032,3096,3
1033,3099,3
1034,3102,3
1035,3105,3
1036,3108,3
1037,3111,3
1038,3114,3
1039,3117,3
1040,3120,3
1041,3123,3
1042,3126,3
1043,3129,3
1044,3132,3
1045,3135,3
1046,3138,3
1047,3141,3
1048,3144,3
1049,3147,3
1050,3150,3
1051,3153,3
1052,3156,3
1053,3159,3
1054,3162,3
1055,3165,3
1056,3168,3
1057,3171,3
1058,3174,3
1059,3177,3
1060,3180,3
1061,3183,3
1062,3186,3
1063,3189,3
1064,3192,3
1065,3195,3
1066,3198,3
1067,3201,3
1068,3204,3
1069,3207,3
1070,3210,3
1071,3213,3
1072,3216,3
1073,3219,3
1074,3222,3
1075,3225,3
1076,3228,3
1077,3231,3
1078,3234,3
1079,3237,3
1080,3240,3
1081,3243,3
1082,3246,3
1083,3249,3
1084,3252,3
1085,3255,3
1086,3258,3
1087,3261,3
1088,3264,3
1089,3267,3
1090,3270,3
1091,3273,3
1092,3276,3
1093,3279,3
1094,3282,3
1095,3285,3
1096,3288,3
1097,3291,3
1098,3294,3
1099,3297,3
1100,3300,3
1101,3303,3
1102,3306,3
1103,3309,3
1104,3312,3
1105,3315,3
1106,3318,3
1107,3321,3
1108,3324,3
1109,3327,3
1110,3330,3
1111,3333,3
1112,3336,3
1113,3339,3
1114,3342,3
1115,3345,3
1116,3348,3
1117,3351,3
1118,3354,3
1119,3357,3
1120,3360,3
1121,3363,3
1122,3366,3
1123,3369,3
1124,3372,3
1125,3375,3
1126,3378,3
1127,3381,3
1128,3384,3
1129,3387,3
1130,3390,3
1131,3393,3
1132,3396,3
1133,3399,3
1134,3402,3
1135,3405,3
1136,3408,3
1137,3411,3
1138,3414,3
1139,3417,3
1140,3420,3
1141,3423,3
1142,3426,3
1143,3429,3
1144,3432,3
1145,3435,3
1146,3438,3
1147,3441,3
1148,3444,3
1149,3447,3
1150,3450,3
1151,3453,3
1152,3456,3
1153,3459,3
1154,3462,3
1155,3465,3
1156,3468,3
1157,3471,3
1158,3474,3
1159,3477,3
1160,3480,3
1161,3483,3
1162,3486,3
1163,3489,3
1164,3492,3
1165,3495,3
1166,3498,3
1167,3501,3
1168,3504,3
1169,3507,3
1170,3510,3
1171,3513,3
1172,3516,3
1173,3519,3
1174,3522,3
1175,3525,3
1176,3528,3
1177,3531,3
1178,3534,3
1179,3537,3
1180,3540,3
1181,3543,3
1182,3546,3
1183,3549,3
1184,3552,3
1185,3555,3
1186,3558,3
1187,3561,3
1188,3564,3
1189,3567,3
1190,3570,3
1191,3573,3
1192,3576,3
1193,3579,3
1194,3582,3
1195,3585,3
1196,3588,3
1197,3591,3
1198,3594,3
1199,3597,3
1200,3600,3
1201,3603,3
1202,3606,3
1203,3609,3
1204,3612,3
1205,3615,3
1206,3618,3
1207,3621,3
1208,3624,3
1209,3627,3
1210,3630,3
1211,3633,3
1212,3636,3
1213,3639,3
1214,3642,3
1215,3645,3
1216,3648,3
1217,3651,3
1218,3654,3
1219,3657,3
1220,3660,3
1221,3663,3
1222,3666,3
1223,3669,3
1224,3672,3
1225,3675,3
1226,3678,3
1227,3681,3
1228,3684,3
1229,3687,3
1230,3690,3
1231,3693,3
1232,3696,3
1233,3699,3
1234,3702,3
1235,3705,3
1236,3708,3
1237,3711,3
1238,3714,3
1239,3717,3
1240,3720,3
1241,3723,3
1242,3726,3
1243,3729,3
1244,3732,3
1245,3735,3
1246,3738,3
1247,3741,3
1248,3744,3
1249,3747,3
1250,3750,3
1251,3753,3
1252,3756,3
1253,3759,3
1254,3762,3
1255,3765,3
1256,3768,3
1257,3771,3
1258,3774,3
1259,3777,3
1260,3780,3
1261,3783,3
1262,3786,3
1263,3789,3
1264,3792,3
1265,3795,3
1266,3798,3
1267,3801,3
1268,3804,3
1269,3807,3
1270,3810,3
1271,3813,3
1272,3816,3
1273,3819,3
1274,3822,3
1275,3825,3
1276,3828,3
1277,3831,3
1278,3834,3
1279,3837,3
1280,3840,3
1281,3843,3
1282,3846,3
1283,3849,3
1284,3852,3
1285,3855,3
1286,3858,3
1287,3861,3
1288,3864,3
1289,3867,3
1290,3870,3
1291,3873,3
1292,3876,3
1293,3879,3
1294,3882,3
1295,3885,3
1296,3888,3
1297,3891,3
1298,3894,3
1299,3897,3
1300,3900,3
1301,3903,3
1302,3906,3
1303,3909,3
1304,3912,3
1305,3915,3
1306,3918,3
1307,3921,3
1308,3924,3
1309,3927,3
1310,3930,3
1311,3933,3
1312,3936,3
1313,3939,3
1314,3942,3
1315,3945,3
1316,3948,3
1317,3951,3
1318,3954,3
1319,3957,3
1320,3960,3
1321,3963,3
1322,3966,3
1323,3969,3
1324,3972,3
1325,3975,3
1326,3978,3
1327,3981,3
1328,3984,3
1329,3987,3
1330,3990,3
1331,3993,3
1332,3996,3
1333,3999,3
1334,4002,3
1335,4005,3
1336,4008,3
1337,4011,3
1338,4014,3
1339,4017,3
1340,4020,3
1341,4023,3
1342,4026,3
1343,4029,3
1344,4032,3
1345,4035,3
1346,4038,3
1347,4041,3
1348,4044,3
1349,4047,3
1350,4050,3
1351,4053,3
1352,4056,3
1353,4059,3
1354,4062,3
1355,4065,3
1356,4068,3
1357,4071,3
1358,4074,3
1359,4077,3
1360,4080,3
1361,4083,3
1362,4086,3
1363,4089,3
1364,4092,3
1365,4095,3
1366,4098,3
1367,4101,3
1368,4104,3
1369,4107,3
1370,4110,3
1371,4113,3
1372,4116,3
1373,4119,3
1374,4122,3
1375,4125,3
1376,4128,3
1377,4131,3
1378,4134,3
1379,4137,3
1380,4140,3
1381,4143,3
1382,4146,3
1383,4149,3
1384,4152,3
1385,4155,3
1386,4158,3
1387,4161,3
1388,4164,3
1389,4167,3
1390,4170,3
1391,4173,3
1392,4176,3
1393,4179,3
1394,4182,3
1395,4185,3
1396,4188,3
1397,4191,3
1398,4194,3
1399,4197,3
1400,4200,3
1401,4203,3
1402,4206,3
1403,4209,3
1404,4212,3
1405,4215,3
1406,4218,3
1407,4221,3
1408,4224,3
1409,4227,3
1410,4230,3
1411,4233,3
1412,4236,3
1413,4239,3
1414,4242,3
1415,4245,3
1416,4248,3
1417,4251,3
1418,4254,3
1419,4257,3
1420,4260,3
1421,4263,3
1422,4266,3
1423,4269,3
1424,4272,3
1425,4275,3
1426,4278,3
1427,4281,3
1428,4284,3
1429,4287,3
1430,4290,3
1431,4293,3
1432,4296,3
1433,4299,3
1434,4302,3
1435,4305,3
1436,4308,3
1437,4311,3
1438,4314,3
1439,4317,3
1440,4320,3
1441,4323,3
1442,4326,3
1443,4329,3
1444,4332,3
1445,4335,3
1446,4338,3
1447,4341,3
1448,4344,3
1449,4347,3
1450,4350,3
1451,4353,3
1452,4356,3
1453,4359,3
1454,4362,3
1455,4365,3
1456,4368,3
1457,4371,3
1458,4374,3
1459,4377,3
1460,4380,3
1461,4383,3
1462,4386,3
1463,4389,3
1464,4392,3
1465,4395,3
1466,4398,3
1467,4401,3
1468,4404,3
1469,4407,3
1470,4410,3
1471,4413,3
1472,4416,3
1473,4419,3
1474,4422,3
1475,4425,3
1476,4428,3
1477,4431,3
1478,4434,3
1479,4437,3
1480,4440,3
1481,4443,3
1482,4446,3
1483,4449,3
1484,4452,3
1485,4455,3
1486,4458,3
1487,4461,3
1488,4464,3
1489,4467,3
1490,4470,3
1491,4473,3
1492,4476,3
1493,4479,3
1494,4482,3
1495,4485,3
1496,4488,3
1497,4491,3
1498,4494,3
1499,4497,3
1500,4500,3
1501,4503,3
1502,4506,3
1503,4509,3
1504,4512,3
1505,4515,3
1506,4518,3
1507,4521,3
1508,4524,3
1509,4527,3
1510,4530,3
1511,4533,3
1512,4536,3
1513,4539,3
1514,4542,3
1515,4545,3
1516,4548,3
1517,4551,3
1518,4554,3
1519,4557,3
1520,4560,3
1521,4563,3
1522,4566,3
1523,4569,3
1524,4572,3
1525,4575,3
1526,4578,3
1527,4581,3
1528,4584,3
1529,4587,3
1530,4590,3
1531,4593,3
1532,4596,3
1533,4599,3
1534,4602,3
1535,4605,3
1536,4608,3
1537,4611,3
1538,4614,3
1539,4617,3
1540,4620,3
1541,4623,3
1542,4626,3
1543,4629,3
1544,4632,3
1545,4635,3
1546,4638,3
1547,4641,3
1548,4644,3
1549,4647,3
1550,4650,3
1551,4653,3
1552,4656,3
1553,4659,3
1554,4662,3
1555,4665,3
1556,4668,3
1557,4671,3
1558,4674,3
1559,4677,3
1560,4680,3
1561,4683,3
1562,4686,3
1563,4689,3
1564,4692,3
1565,4695,3
1566,4698,3
1567,4701,3
1568,4704,3
1569,4707,3
1570,4710,3
1571,4713,3
1572,4716,3
1573,4719,3
1574,4722,3
1575,4725,3
1576,4728,3
1577,4731,3
1578,4734,3
1579,4737,3
1580,4740,3
1581,4743,3
1582,4746,3
1583,4749,3
1584,4752,3
1585,4755,3
1586,4758,3
1587,4761,3
1588,4764,3
1589,4767,3
1590,4770,3
1591,4773,3
1592,4776,3
1593,4779,3
1594,4782,3
1595,4785,3
1596,4788,3
1597,4791,3
1598,4794,3
1599,4797,3
1600,4800,3
1601,4803,3
1602,4806,3
1603,4809,3
1604,4812,3
1605,4815,3
1606,4818,3
1607,4821,3
1608,4824,3
1609,4827,3
1610,4830,3
1611,4833,3
1612,4836,3
1613,4839,3
1614,4842,3
1615,4845,3
1616,4848,3
1617,4851,3
1618,4854,3
1619,4857,3
1620,4860,3
1621,4863,3
1622,4866,3
1623,4869,3
1624,4872,3
1625,4875,3
1626,4878,3
1627,4881,3
1628,4884,3
1629,4887,3
1630,4890,3
1631,4893,3
1632,4896,3
1633,4899,3
1634,4902,3
1635,4905,3
1636,4908,3
1637,4911,3
1638,4914,3
1639,4917,3
1640,4920,3
1641,4923,3
1642,4926,3
1643,4929,3
1644,4932,3
1645,4935,3
1646,4938,3
1647,4941,3
1648,4944,3
1649,4947,3
1650,4950,3
1651,4953,3
1652,4956,3
1653,4959,3
1654,4962,3
1655,4965,3
1656,4968,3
1657,4971,3
1658,4974,3
1659,4977,3
1660,4980,3
1661,4983,3
1662,4986,3
1663,4989,3
1664,4992,3
1665,4995,3
1666,4998,3
1667,5001,3
1668,5004,3
1669,5007,3
1670,5010,3
1671,5013,3
1672,5016,3
1673,5019,3
1674,5022,3
1675,5025,3
1676,5028,3
1677,5031,3
1678,5034,3
1679,5037,3
1680,5040,3
1681,5043,3
1682,5046,3
1683,5049,3
1684,5052,3
1685,5055,3
1686,5058,3
1687,5061,3
1688,5064,3
1689,5067,3
1690,5070,3
1691,5073,3
1692,5076,3
1693,5079,3
1694,5082,3
1695,5085,3
1696,5088,3
1697,5091,3
1698,5094,3
1699,5097,3
1700,5100,3
1701,5103,3
1702,5106,3
1703,5109,3
1704,5112,3
1705,5115,3
1706,5118,3
1707,5121,3
1708,5124,3
1709,5127,3
1710,5130,3
1711,5133,3
1712,5136,3
1713,5139,3
1714,5142,3
1715,5145,3
1716,5148,3
1717,5151,3
1718,5154,3
1719,5157,3
1720,5160,3
1721,5163,3
1722,5166,3
1723,5169,3
1724,5172,3
1725,5175,3
1726,5178,3
1727,5181,3
