0.00498274
0.000616998
0.00113576
0.174
-0.00365304
-0.0250442
0.549769
-0.0181435
-0.0173012
0.752767
-0.0235032
-0.0270102
0.869372
0.0908694
-0.0429892
1.28566
0.0637299
-0.0921532
1.16436
0.0751651
-0.0798622
1.5778
0.0320405
-0.108008
1.93484
-0.015479
-0.118701
2.22938
-0.0539412
-0.129394
2.34828
-0.0712946
-0.151395
2.70117
-0.131689
-0.188268
2.59322
-0.110891
-0.182123
2.93745
-0.177692
-0.185687
3.11231
-0.210995
-0.180525
3.4526
-0.281836
-0.17991
3.80457
-0.348478
-0.141439
4.15988
-0.32744
-0.0599502
4.332
-0.340725
-0.0968232
4.63276
-0.378256
-0.121405
4.98502
-0.379029
0.0829948
5.21769
-0.360879
0.0732858
5.10078
-0.370713
0.0855768
5.44935
-0.348717
0.0451398
5.80308
-0.345386
0.00986376
6.15508
-0.345744
0.00888076
6.50613
-0.340408
0.0314968
6.85872
-0.338862
-0.0150862
7.18805
-0.350607
-0.0196342
7.53857
-0.355271
0.0136758
7.89325
-0.357887
-0.00316324
8.24311
-0.369721
-0.0497462
8.57603
-0.387943
-0.0261472
8.85314
-0.477946
-0.806997
8.96839
-0.5967
-0.815724
9.16402
-0.815145
-0.81769
9.40133
-1.06808
-0.797656
9.64248
-1.32232
-0.793477
9.68464
-1.36505
-0.793477
9.93073
-1.61693
-0.76828
10.1819
-1.86352
-0.766682
10.3058
-1.98575
-0.752793
10.5251
-2.19361
-0.730177
10.6543
-2.31035
-0.71887
10.9149
-2.54804
-0.726982
11.1756
-2.78549
-0.72182
11.3944
-2.98168
-0.720222
11.519
-3.2978
-1.20867
11.6223
-3.57246
-1.18089
11.6901
-3.74407
-1.18802
11.8183
-4.06907
-1.19515
11.9506
-4.41995
-1.21457
12.0512
-4.69864
-1.2217
12.0903
-4.80629
-1.2217
12.1108
-4.86053
-1.22784
12.2218
-5.19807
-1.25697
12.3196
-5.53314
-1.26963
12.357
-5.65411
-1.26705
12.3899
-5.75759
-1.26705
12.4725
-6.04728
-1.30749
12.5577
-6.38828
-1.3392
12.6301
-6.73128
-1.35604
12.6882
-7.02716
-1.37288
12.7533
-7.37088
-1.37484
12.8199
-7.71803
-1.39586
12.8403
-7.83136
-1.40557
12.8578
-7.93694
-1.40557
12.9047
-8.24045
-1.4127
12.9509
-8.58619
-1.41565
12.9879
-8.83459
-1.4315
13.004
-8.95287
-1.44994
13.0383
-9.29972
-1.51398
13.0472
-9.63351
-1.50206
13.0671
-9.98239
-1.5066
13.0726
-10.0782
-1.52504
13.0799
-10.4553
-1.59264
13.0685
-10.8102
-1.61722
13.0631
-10.9561
-1.60235
13.0555
-11.3382
-1.59977
13.0399
-11.6378
-1.65151
13.0153
-11.8679
-1.65704
12.9813
-12.2458
-1.64057
12.958
-12.5366
-1.66516
12.9275
-12.8907
-1.65643
12.8998
-13.237
-1.61636
12.894
-13.349
-1.61992
12.8724
-13.6522
-1.63676
12.8464
-14.0042
-1.64389
12.8228
-14.3522
-1.61513
12.7965
-14.7593
-1.64426
12.7829
-14.9286
-1.66012
12.7586
-15.1769
-1.66983
12.7234
-15.5528
-1.62877
12.6989
-15.9046
-1.6595
12.6614
-16.2307
-1.65016
12.6348
-16.6109
-1.58551
12.6292
-16.9636
-1.61009
12.6098
-17.2927
-1.63824
12.5785
-17.6406
-1.63246
12.5516
-17.9865
-1.66061
12.5222
-18.3396
-1.66675
12.4884
-18.6882
-1.65286
12.4598
-18.9851
-1.6697
12.257
-18.9417
-2.92585
11.8097
-19.0364
-2.91811
11.6263
-19.0743
-2.94884
11.2857
-19.127
-3.01385
10.9866
-19.1558
-3.05687
10.6383
-19.1816
-3.0404
10.3384
-19.1994
-3.08182
9.98368
-19.21
-3.11968
9.6395
-19.2136
-3.12939
9.33623
-19.2101
-3.12878
9.16581
-19.2104
3.14114
8.75381
-19.192
3.07354
8.63933
-19.1851
3.07354
8.1739
-19.1416
3.04797
8.05638
-19.13
3.04441
7.62034
-19.0835
3.06702
7.35165
-19.0575
3.024
6.97651
-18.9981
2.95898
6.65438
-18.9308
2.93956
6.54837
-18.9088
2.94214
6.24627
-18.8417
2.91756
5.87494
-18.8974
-2.96555
5.56707
-18.941
-3.00599
5.21362
-18.9872
-2.98497
4.87222
-19.043
-2.96235
4.57214
-19.0919
-2.96334
4.28727
-19.1566
-3.11439
3.93651
-19.1556
3.12479
4.0443
-19.157
3.13708
3.6932
-19.1479
3.10894
3.2938
-19.1215
3.06235
2.94618
-19.1088
-3.10862
2.82426
-19.1131
-3.09632
2.57759
-19.1291
-3.06658
2.64126
-19.1244
-3.06044
2.29432
-19.1468
-3.07629
1.94537
-19.1719
-3.03266
1.82194
-19.1818
-3.06953
1.48962
-19.1928
-3.12484
1.5012
-19.1925
-3.12484
1.19756
-19.192
3.13278
0.818656
-19.1745
3.0862
0.44099
-19.1518
3.1098
0.0514945
-19.1412
3.12627
-0.123341
-19.1347
3.08939
-0.452538
-19.1094
3.10783
-0.632236
-19.1636
-3.08674
-0.98012
-19.1746
-3.12103
-1.33307
-19.1696
3.11815
-1.50509
-19.1628
3.09357
-1.85856
-19.1339
3.03212
-2.15702
-19.1085
-3.14045
-2.09974
-19.1085
3.11201
-2.44945
-19.1001
3.13462
-2.7521
-19.0879
3.08804
-3.10279
-19.0759
3.13364
-3.45097
-19.0713
-3.1182
-3.86745
-19.0686
-3.1386
-3.98038
-19.068
3.12
-4.33164
-19.0592
3.12258
-4.38671
-19.0582
3.11644
-4.68333
-19.0416
3.11189
-5.03564
-19.0333
-3.10308
-5.15536
-18.7854
1.65761
-5.18331
-18.4301
1.66277
-5.17325
-18.5449
1.66277
-5.21089
-18.1925
1.71968
-5.26276
-17.8475
1.73713
-5.24183
-17.9675
1.73099
-5.29976
-17.6164
1.7423
-5.31876
-17.5053
1.73615
-5.33792
-17.3872
1.74488
-5.38852
-17.0889
1.77106
-5.37717
-17.145
1.76491
-5.45115
-16.8067
1.81567
-5.51651
-16.5132
1.82342
-5.60691
-16.1732
1.84185
-5.73582
-15.7209
1.88807
-5.77111
-15.6126
1.89065
-5.831
-15.4393
1.91781
-5.88933
-15.2807
1.94756
-5.94424
-15.1451
1.97472
-5.89873
-14.8088
1.56199
-5.89928
-14.6924
1.60046
-5.90589
-14.4004
1.60562
-5.9219
-14.0426
1.65638
-5.95876
-13.6962
1.70456
-6.00515
-13.3703
1.71944
-6.06721
-12.9974
1.75016
-6.14152
-12.6186
1.81322
-6.00632
-12.32
1.32379
-5.92259
-11.9894
1.32637
-5.84175
-11.6441
1.39139
-5.87598
-11.4554
1.51233
-5.86732
-11.272
1.53335
-5.8627
-11.1664
1.53335
-5.78582
-10.7636
1.51909
-5.77996
-10.6464
1.52782
-5.76897
-10.3493
1.55756
-5.76375
-9.9974
1.57403
-5.75609
-9.64673
1.52745
-5.7485
-9.47338
1.53261
-5.73439
-9.06664
1.55363
-5.73485
-8.94811
1.59309
-5.73468
-8.6497
1.5701
-5.73001
-8.83221
1.59825
-5.72856
-8.53021
1.55425
-5.74072
-8.18382
1.6849
-5.7751
-7.83501
1.65061
-5.79365
-7.48711
1.61017
-5.79563
-7.15444
1.5749
-5.79312
-6.73163
1.57391
-5.79325
-6.58351
1.57035
-5.78727
-6.28572
1.54478
-5.76588
-5.95749
1.49205
-5.75564
-5.82119
1.50078
-5.73237
-5.47319
1.53667
-5.71658
-5.12463
1.53471
-5.69586
-4.8285
1.48198
-5.66293
-4.48287
1.47485
-5.63608
-4.12891
1.5143
-5.62402
-3.78874
1.53176
-5.62554
-3.44584
1.59223
-5.63688
-3.09297
1.64041
-5.66244
-2.79987
1.67531
-5.67902
-2.63148
1.65688
-5.69887
-2.32942
1.63131
-5.69027
-2.45155
1.64102
-5.7062
-2.09825
1.61546
-5.71881
-1.75271
1.6232
-5.73509
-1.40301
1.61865
-5.71391
-1.05103
1.48861
-5.6847
-0.645985
1.50963
-5.69189
-0.757608
1.50349
-5.67175
-0.414203
1.53581
-5.23423
-0.40545
-0.0439599
-4.84495
-0.426607
-0.0510889
-4.65886
-0.435386
-0.0485069
-4.31621
-0.450124
-0.0126179
-4.0105
-0.454266
-0.00487393
-3.6599
-0.462914
-0.0242949
-3.31062
-0.468084
0.0264671
-2.95818
-0.457861
0.0280651
-2.60971
-0.45773
-0.0220819
-2.26036
-0.464013
0.00766207
-1.90871
-0.456453
0.0610051
-1.55972
-0.442216
0.0144231
-1.09122
-0.447903
-0.00597993
-0.978006
-0.447346
-0.00597993
-0.677946
-0.44892
0.0192161
-0.324741
-0.441725
0.0305241
-0.0261706
-0.434889
0.0285571
0.32667
-0.428859
0.00299207
0.687244
-0.436814
-0.0636249
1.09531
-0.404004
-0.0434669
1.33557
-0.416327
-0.0305619
1.67764
-0.432381
-0.0325289
2.03134
-0.444073
-0.0509649
2.38514
-0.458925
-0.0299469
2.75865
-0.478501
-0.0503499
3.11215
-0.504583
-0.0907869
3.22498
-0.514776
-0.0907869
3.68886
-0.550403
-0.0646069
3.79832
-0.557399
-0.0681709
4.10138
-0.5858
-0.112173
4.499
-0.63533
-0.145482
4.79392
-0.675441
-0.139337
5.14243
-0.727702
-0.138723
5.25737
-0.743459
-0.142287
5.60625
-0.797344
-0.169327
5.95257
-0.854899
-0.142163
6.24056
-0.904097
-0.131838
6.59343
-0.952965
-0.0969309
6.884
-0.984256
-0.10406
7.2518
-1.03824
-0.166499
7.53992
-1.08554
-0.122866
7.8824
-1.12232
-0.0834119
8.22635
-1.16409
-0.13356
8.57187
-1.22283
-0.186288
8.91332
-1.28777
-0.171415
9.18337
-1.34749
-0.557969
9.51252
-1.56383
-0.58968
9.8351
-1.7897
-0.629135
10.0769
-2.07625
-0.788918
10.2586
-2.26772
-0.825792
10.3733
-2.39709
-0.841647
10.5692
-2.62183
-0.879503
10.8108
-2.87529
-0.995285
10.8711
-2.96888
-1.00143
11.0251
-3.22367
-1.04445
11.1886
-3.53571
-1.16023
11.239
-3.65067
-1.15765
11.3757
-3.97278
-1.1622
11.4811
-4.22606
-1.19034
11.6178
-4.59775
-1.19329
11.6834
-4.76418
-1.18198
11.7052
-4.81777
-1.1794
11.8114
-5.09494
-1.18751
11.8778
-5.26152
-1.19366
11.9978
-5.58465
-1.21308
12.1139
-5.91247
-1.25253
12.2214
-6.24698
-1.26126
12.3056
-6.5351
-1.25192
12.4356
-6.98172
-1.27847
12.4682
-7.09328
-1.28203
12.5617
-7.4286
-1.29014
12.6765
-7.85267
-1.32087
12.7104
-7.99115
-1.33931
12.771
-8.2857
-1.35615
12.8415
-8.65774
-1.37913
12.8972
-8.96693
-1.38368
12.9176
-9.08092
-1.38724
12.9647
-9.37505
-1.41281
13.0224
-9.71969
-1.39794
13.0657
-10.0171
-1.4471
13.0917
-10.2383
-1.44808
13.1137
-10.4856
-1.44231
13.153
-10.8304
-1.47918
13.1758
-11.1812
-1.53707
13.1771
-11.5274
-1.57751
13.1695
-11.8232
-1.5882
13.1614
-12.1273
-1.58046
13.1464
-12.5214
-1.62188
13.1242
-12.8204
-1.65003
13.0926
-13.2216
-1.6177
13.0888
-13.3261
-1.60897
13.0901
-13.282
-1.61512
13.0665
-13.697
-1.65199
13.0433
-13.9124
-1.66268
13.0024
-14.2475
-1.70054
12.9486
-14.6006
-1.74712
12.8786
-14.9217
-1.806
12.7732
-15.3296
-1.79051
12.6998
-15.6547
-1.7792
12.632
-15.9741
-1.78793
12.556
-16.3153
-1.75659
12.4877
-16.6344
-1.7883
12.4344
-16.8621
-1.79543
12.4083
-16.9791
-1.78056
12.3318
-17.3209
-1.77539
12.3128
-17.6724
-1.76667
12.2374
-18.0115
-1.78092
12.1682
-18.3066
-1.75929
12.1029
-18.6507
-1.74798
12.0361
-18.995
-1.78486
11.9485
-19.3353
-1.81141
11.8668
-19.619
-1.83279
11.775
-19.9606
-1.84508
11.6738
-20.2966
-1.8645
11.5896
-20.5816
-1.85061
11.488
-20.911
-1.87003
11.1561
-20.8656
3.0899
10.9077
-20.856
3.12481
10.511
-20.8452
3.10797
10.3937
-20.8401
3.08953
10.3382
-20.8375
3.07466
10.0391
-20.817
3.0711
9.68691
-20.7994
3.13058
9.34399
-20.7926
3.13476
9.0409
-20.7835
3.10404
8.6915
-20.7759
-3.11351
8.34768
-20.7887
-3.07861
7.99959
-20.8057
-3.10159
7.70591
-20.8141
-3.11745
7.35485
-20.8227
-3.09028
7.00468
-20.8364
-3.10712
6.70837
-20.8388
-3.13785
6.35459
-20.8493
-3.0625
6.00432
-20.8873
-2.98556
5.62833
-20.8897
2.9858
5.33361
-20.8317
2.96122
4.95966
-20.7718
3.04787
4.58855
-20.7429
3.06532
4.51267
-20.7368
3.055
4.59466
-20.7342
2.80782
4.33288
-20.5657
2.70175
4.00502
-20.4183
2.74121
3.88732
-20.3725
2.77193
3.60626
-20.267
2.82688
3.43436
-20.2095
2.81102
3.15657
-20.1051
2.77058
2.75121
-20.0959
-3.09471
2.45283
-20.1055
-3.08696
2.11177
-20.125
-3.06594
1.81352
-20.1567
-2.99773
1.46474
-20.1945
-3.09704
1.11236
-20.2032
-3.09225
0.759641
-20.2092
3.13981
0.325755
-20.1113
3.00104
0.210583
-20.0953
2.98261
-0.177083
-20.0406
2.9933
-0.0668459
-20.0567
2.97843
-0.493253
-20.0017
3.09839
-0.882592
-19.9869
3.10097
-0.757335
-19.9908
3.10711
-1.17516
-19.9685
3.05795
-0.815737
-19.9861
3.10711
-1.23351
-19.9615
3.05795
-1.58671
-19.9344
3.08511
-1.93359
-19.9216
3.13846
-2.28924
-19.9197
-3.10724
-2.055
-19.9106
-3.12469
-2.40436
-19.9169
-3.0979
-2.70047
-19.9512
3.08339
-3.04855
-19.925
3.03681
-3.28954
-19.8957
2.99994
-3.17347
-19.9099
3.01223
-3.52173
-19.86
2.98924
-3.86689
-19.815
3.04972
-3.98626
-19.8055
3.08302
-4.33593
-19.7947
-3.13711
-4.53584
-19.7948
-3.06754
-4.74372
-19.5591
2.25153
-4.85795
-19.42
2.27255
-5.12937
-19.0943
2.28632
-5.34108
-18.8543
2.27513
-5.54971
-18.5985
2.25928
-5.62115
-18.5108
2.26801
-5.86203
-18.2165
2.22499
-5.99796
-18.0309
2.21565
-5.92596
-17.9969
1.72523
-5.98829
-17.5792
1.70778
-6.02949
-17.273
1.71651
-6.08162
-16.9268
1.78988
-6.11987
-16.7521
1.82479
-6.14919
-16.6385
1.83708
-6.24095
-16.305
1.83966
-6.32909
-15.9648
1.82639
-6.3703
-15.6794
1.47155
-6.33931
-15.2578
1.52944
-6.32254
-14.9538
1.53104
-6.31408
-14.743
1.53718
-6.29803
-14.409
1.5362
-6.29138
-14.1096
1.58438
-6.29508
-13.9074
1.6167
-6.31212
-13.5276
1.66034
-6.33434
-13.2028
1.54357
-6.26877
-13.0268
1.46983
-6.23866
-12.6541
1.55549
-6.22295
-12.3013
1.51764
-6.19945
-12.0029
1.46393
-6.12926
-11.6627
1.36203
-6.05493
-11.3206
1.38723
-5.99001
-10.9778
1.4021
-5.93873
-10.6314
1.43898
-5.90101
-10.2842
1.5169
-5.8734
-9.98739
1.42177
-5.81182
-9.64108
1.3946
-5.74927
-9.29159
1.43308
-5.70444
-8.94557
1.4654
-5.69042
-8.76146
1.54271
-5.69937
-8.8818
1.47769
-5.7061
-8.53188
1.66722
-5.73804
-8.17591
1.66624
-5.72506
-8.29985
1.66107
-5.75234
-7.94593
1.695
-5.78148
-7.59766
1.61216
-5.76604
-7.27081
1.53226
-5.75171
-6.8711
1.53226
-5.7474
-6.76305
1.53226
-5.74684
-6.75393
1.54714
-5.74256
-6.40458
1.65026
-5.76773
-6.10567
1.64055
-5.7189
-5.73131
1.46847
-5.68403
-5.37976
1.49822
-5.66853
-5.13741
1.55931
-5.59063
-4.73649
1.46712
-5.54808
-4.38801
1.45385
-5.48055
-3.86771
1.48261
-5.47529
-3.8097
1.49134
-5.40683
-3.4664
1.39362
-5.34188
-3.12252
1.37777
-5.33159
-3.06681
1.37162
-5.27212
-2.77311
1.42755
-5.22482
-2.42826
1.44856
-5.17304
-2.08433
1.38453
-5.10176
-1.74124
1.39743
-5.04649
-1.39564
1.47179
-5.02328
-1.09629
1.4815
-4.98708
-0.750085
1.45692
-4.96977
-0.606539
1.46208
-4.94877
-0.414354
1.49699
-4.69612
-0.428689
-0.0284496
-4.34209
-0.43972
-0.0320136
-3.99832
-0.449205
0.000312374
-3.65796
-0.458195
-0.0226726
-3.30499
-0.473125
-0.0779816
-3.00411
-0.498988
-0.0789656
-2.82973
-0.513771
-0.0948206
-2.48407
-0.552567
-0.102933
-2.13541
-0.589887
-0.0977696
-1.78622
-0.624722
-0.0951886
-1.66704
-0.635155
-0.0838806
-1.32333
-0.650769
-0.226212
-0.986125
-0.738385
-0.272795
-0.647208
-0.834676
-0.278941
-0.309103
-0.931551
-0.265051
0.0239
-1.03279
-0.285454
0.080444
-1.04989
-0.289018
0.371001
-1.13801
-0.278693
0.654914
-1.22622
-0.301677
0.774731
-1.26322
-0.311387
1.03938
-1.33405
-0.194622
1.36846
-1.39869
-0.177169
1.07245
-1.34604
-0.177169
1.41861
-1.41003
-0.184298
1.59229
-1.44395
-0.206299
1.9172
-1.5206
-0.23801
2.2409
-1.60223
-0.253865
2.31082
-1.62085
-0.245138
2.57048
-1.69273
-0.258413
2.69977
-1.72505
-0.231249
2.89897
-1.77009
-0.196957
3.19995
-1.79553
-0.0549956
3.55459
-1.81434
-0.0252516
3.90868
-1.83135
-0.0543816
4.20493
-1.85632
-0.0922376
4.31176
-1.86646
-0.0958026
4.61689
-1.90035
-0.111658
4.72586
-1.91192
-0.111658
5.07441
-1.96107
-0.153078
5.42424
-2.01773
-0.140788
5.76875
-2.06037
-0.0935886
5.89733
-2.06956
-0.0541346
6.35059
-2.10038
-0.0832636
6.47564
-2.11312
-0.105265
6.68431
-2.01759
1.51654
6.70699
-1.65561
1.57762
6.70519
-1.57009
1.58991
6.70017
-1.30185
1.60737
6.69009
-0.932896
1.60638
6.68483
-0.763036
1.60282
6.68235
-0.700476
1.60282
6.67439
-0.353481
1.61671
6.65527
-0.00919121
1.64031
6.62885
0.339541
1.6526
6.61787
0.454855
1.65874
6.58674
0.749879
1.6746
6.59839
0.635944
1.65973
6.56351
0.981436
1.72438
6.51228
1.32933
1.76445
6.47702
1.49979
1.79161
6.61625
1.44465
-0.967731
6.49702
1.12982
-1.63243
6.47118
0.769891
-1.60564
6.44523
0.36412
-1.66451
6.43473
0.244977
-1.67324
6.423
0.130049
-1.67938
6.38291
-0.218853
-1.69266
6.36085
-0.390678
-1.69979
6.31637
-0.689443
-1.69561
6.27604
-1.03613
-1.70433
6.22575
-1.3815
-1.73137
6.21536
-1.44266
-1.72879
6.20615
-1.49894
-1.72621
6.13945
-1.8475
-1.74661
6.50824
-1.83891
-0.469695
6.81355
-1.99903
-0.444499
7.12192
-2.13794
-0.355266
7.24447
-2.18434
-0.367557
7.56281
-2.31338
-0.407994
7.87684
-2.45829
-0.442285
7.92934
-2.48282
-0.439704
8.20221
-2.60804
-0.389925
8.25887
-2.85899
-1.63058
8.24709
-3.04658
-1.6167
8.2191
-3.4342
-1.64841
8.18776
-3.73643
-1.66783
8.13862
-4.15744
-1.68368
8.12489
-4.2716
-1.68725
8.11063
-4.39007
-1.69339
8.05337
-4.75929
-1.73125
8.03258
-4.87412
-1.7471
8.16584
-4.7572
1.24491
8.28903
-4.40332
1.21418
8.21222
-4.0236
1.7996
8.21394
-3.68226
1.53301
8.49606
-3.42919
0.795545
8.74808
-3.18356
0.761253
9.00392
-2.93978
0.76027
9.2594
-2.70837
0.722413
9.58904
-2.98178
-0.704697
9.80075
-3.15952
-0.685646
10.0725
-3.39006
-0.699903
10.3751
-3.65442
-0.735179
10.589
-3.85332
-0.754599
10.8397
-4.09065
-0.756565
11.1832
-4.05036
0.623595
11.4678
-3.85308
0.625193
11.7378
-3.64626
0.709264
12.0066
-3.41895
0.723153
12.2696
-3.18045
0.773915
12.5122
-2.92776
0.843114
12.7075
-2.9274
-0.742066
12.981
-3.17261
-0.686142
13.2544
-3.3949
-0.675817
13.481
-3.58364
-0.698802
13.7429
-3.80698
-0.720802
13.9946
-4.04004
-0.761117
13.8236
-3.88458
-0.738133
14.0767
-4.13241
-0.775989
14.2411
-4.25393
-0.196098
14.0325
-4.16846
-3.01444
14.1457
-4.24739
-2.43196
13.8777
-4.4729
-2.41808
13.5826
-4.73147
-2.42004
13.3138
-4.95543
-2.46921
13.0284
-5.067
-2.66463
12.865
-5.14516
-2.73383
12.8148
-5.16658
-2.74612
12.4887
-5.29196
-2.79013
12.3775
-5.33475
-2.76554
12.2733
-5.37549
-2.75424
11.9932
-5.48173
-2.79467
11.8895
-5.51893
-2.79824
11.6026
-5.61133
-2.85355
11.6011
-5.66025
-1.28607
11.6869
-6.01111
-1.25768
11.8005
-6.38524
-1.26579
11.8342
-6.49679
-1.2755
11.9085
-6.78006
-1.34568
11.6563
-6.88288
-2.79799
11.5641
-6.91396
-2.79897
11.2745
-7.01085
-2.81323
10.9402
-7.11466
-2.85109
10.605
-7.20589
-2.88796
10.3185
-7.28816
-2.83007
9.98937
-7.39401
-2.79
9.65881
-7.51142
-2.78742
9.38955
-7.60387
3.0775
9.02832
-7.57159
3.02834
8.69092
-7.5268
3.00376
9.02483
-7.46791
-0.205808
9.22465
-7.50688
-0.214535
9.61255
-7.59674
-0.207775
9.95847
-7.66914
-0.208758
10.0797
-7.69456
-0.212322
10.3954
-7.77293
-0.251162
10.4308
-7.9881
-1.7444
10.4046
-8.13166
-1.76284
10.3275
-8.51827
-1.70532
10.2773
-8.87145
-1.72375
10.2583
-8.98701
-1.74219
10.1891
-9.32297
-1.80364
10.117
-9.61134
-1.74612
10.1068
-9.67151
-1.74612
10.0479
-10.0137
-1.7374
9.98286
-10.3562
-1.77427
9.954
-10.5393
-2.9724
10.1207
-10.2023
1.27982
10.2289
-9.87191
1.26654
10.3146
-9.59449
1.29887
10.4008
-9.25225
1.35836
10.4242
-9.13502
1.36708
10.4972
-8.78812
1.3661
10.5543
-8.499
1.39842
10.5831
-8.33097
1.4133
10.7954
-8.20418
0.0180177
11.1985
-8.19848
0.00830868
11.5674
-8.20513
-0.00853032
11.9112
-8.21233
-0.0243853
12.2101
-8.23258
-0.0832593
12.4533
-8.37544
-1.57023
12.4344
-8.67155
-1.64398
12.4436
-8.52246
-1.62812
12.4142
-8.86602
-1.65725
12.3655
-9.25987
-1.71354
12.313
-9.55924
-1.75398
12.3573
-9.89245
-0.45076
12.799
-9.99577
-0.238002
12.6725
-9.96409
-0.250293
12.7344
-9.9795
-0.238002
13.1076
-10.08
-0.267131
13.422
-10.1772
-0.304988
13.7784
-10.2973
-0.324408
14.1378
-10.4305
-0.359683
14.4658
-10.5571
-0.357102
14.7887
-10.6861
-0.397539
15.1094
-10.8347
-0.450267
15.4196
-10.9932
-0.469688
15.6871
-11.1315
-0.444491
15.6669
-11.1007
2.75548
15.3639
-10.9827
2.82013
15.1023
-10.8991
2.83501
14.7001
-10.7582
2.78228
14.8209
-10.8013
2.80686
14.5421
-10.6964
2.7813
14.1594
-10.5556
2.81977
14.2687
-10.592
2.81104
14.1669
-10.5571
2.81977
13.8802
-10.4698
2.8618
13.5954
-10.3825
2.82751
13.7593
-10.4331
2.85209
13.4296
-10.3279
2.82395
13.0959
-10.2231
2.85725
12.7797
-10.1384
2.90187
12.6176
-10.0989
2.89831
12.5992
-10.5014
-1.7246
12.5349
-10.8409
-1.73984
12.5148
-10.9573
-1.74598
12.4611
-11.196
-1.78999
12.3748
-11.5363
-1.81653
12.3217
-11.7479
-1.82268
12.334
-12.0562
-1.70235
12.2812
-12.3517
-1.71145
12.2266
-12.695
-1.69657
12.2511
-13.048
-1.64225
12.2132
-13.395
-1.70727
12.1635
-13.6895
-1.76614
12.0874
-14.0282
-1.804
11.9946
-14.3628
-1.86029
11.8972
-14.7033
-1.74967
11.9347
-14.534
-1.84542
11.9519
-14.897
-1.42691
11.942
-15.3274
-1.49033
11.955
-15.6232
-1.53433
11.9598
-15.8278
-1.55633
11.9523
-16.1998
-1.62135
11.9298
-16.4955
-1.63819
11.8958
-16.8393
-1.65343
12.1581
-16.8957
-0.12578
12.2624
-16.9088
-0.172978
12.5947
-16.977
-0.196331
12.3515
-16.9532
-0.152944
12.7695
-16.9935
-0.279788
13.1017
-17.0955
-0.325388
12.9281
-17.0389
-0.309533
13.2566
-17.1524
-0.358698
13.537
-17.2695
-0.411426
13.6379
-17.3137
-0.408844
13.9076
-17.4369
-0.424699
14.2222
-17.578
-0.395938
14.5422
-17.7231
-0.448666
14.8512
-17.8794
-0.470667
14.9265
-17.9182
-0.495863
14.6337
-17.7854
2.80059
14.3003
-17.6681
2.79445
13.9314
-17.5238
2.74528
13.7625
-17.4543
2.76015
13.3859
-17.3203
2.81546
13.2733
-17.2827
2.83292
12.9902
-17.1929
2.84324
12.6595
-17.0918
2.8607
12.32
-16.9971
2.87557
12.037
-16.9159
2.87618
11.7098
-16.8189
2.82444
11.7094
-17.2109
-1.77942
11.6353
-17.5443
-1.78655
11.5673
-17.8415
-1.78237
11.485
-18.1834
-1.81408
11.3862
-18.542
-1.83706
11.2989
-18.8553
-1.81703
11.1903
-19.2645
-1.84259
11.0903
-19.5797
-1.87529
10.9954
-19.8591
-1.89471
10.884
-20.1877
-1.91671
10.7578
-20.5121
-1.97816
10.6367
-20.7807
-1.96526
10.495
-21.1041
-1.9821
10.3532
-21.4171
-2.01283
10.2213
-21.6811
-2.03225
10.1461
-21.8338
-2.02966
10.0074
-22.0937
-2.05879
9.83332
-22.3965
-2.10021
9.99289
-22.5313
-0.266264
10.3803
-22.6443
-0.283103
10.7323
-22.7594
-0.335831
11.0803
-22.8848
-0.345541
11.3849
-23.0076
-0.369508
11.6518
-23.1178
-0.40122
11.7583
-23.164
-0.407365
12.0712
-23.3116
-0.457513
12.3778
-23.4747
-0.525114
12.6776
-23.6543
-0.522532
13.0228
-23.7469
-0.379587
13.1831
-23.8087
-0.330423
13.466
-23.8976
-0.28679
13.7922
-24.0009
-0.317517
13.666
-23.8943
1.98742
13.4068
-23.9008
2.65163
13.1015
-23.735
2.6209
12.8484
-23.5838
2.60505
12.5493
-23.4087
2.63737
12.7531
-23.5216
2.6225
12.4418
-23.347
2.67584
12.1303
-23.1929
2.71333
12.0149
-23.1418
2.7405
11.6829
-23.0234
2.80711
11.3495
-22.9037
2.78155
11.0667
-22.7973
2.81903
11.1901
-22.8378
2.78929
10.8466
-22.7178
2.8242
10.6928
-22.6689
2.84878
10.41
-22.69
3.00402
10.2749
-22.6073
2.91441
9.93154
-22.5233
2.89241
9.59434
-22.4364
2.90372
9.48625
-22.4111
2.92474
9.18748
-22.3486
2.9299
8.84608
-22.2667
2.87717
8.81004
-22.5095
-1.74672
8.74926
-22.8392
-1.72153
8.7205
-23.0231
-1.72767
8.65968
-23.3594
-1.76553
8.58814
-23.6955
-1.79367
8.56172
-23.8126
-1.79724
8.47093
-24.2069
-1.78949
8.44561
-24.3204
-1.79306
8.47124
-24.2569
-1.95899
8.35077
-24.4711
-2.0819
8.33717
-24.057
1.69895
8.32498
-23.9594
1.72255
8.33279
-24.0119
1.70153
8.29188
-23.7147
1.72513
8.2374
-23.3617
1.76261
8.17276
-23.0199
1.8001
8.06835
-22.5658
1.81497
8.04053
-22.4517
1.82985
7.96177
-22.1615
1.84214
7.86215
-21.8285
1.87901
7.84397
-21.7711
1.88516
7.68223
-21.6152
2.76901
7.34025
-21.4849
2.80686
6.99018
-21.3716
2.84791
6.64696
-21.2926
2.97242
6.35689
-21.2522
2.99959
6.05912
-21.2039
2.96788
5.95035
-21.1848
2.96431
5.7718
-21.1524
2.95817
5.89197
-21.1749
2.95817
5.54407
-21.1134
2.97918
5.19595
-21.0684
3.06326
5.08619
-21.0603
3.06326
5.02592
-21.0561
3.07198
4.72381
-21.03
3.04384
4.38273
-21.0025
3.11205
4.02722
-21.0011
-3.14041
3.73316
-20.9973
3.12336
3.32906
-20.9897
3.12238
3.44514
-20.9913
3.12594
3.09568
-20.9811
3.11783
2.76716
-20.9715
3.12852
2.73926
-21.2994
-1.91425
2.74658
-21.2786
-1.91167
2.65306
-21.6378
-1.78004
2.66445
-21.5828
-1.77131
2.59594
-21.9042
-1.79945
2.51342
-22.2228
-1.84604
2.46804
-22.3835
-1.8496
2.45275
-22.4374
-1.85575
2.37749
-22.6703
-1.88389
2.31662
-22.8582
-1.88746
2.19487
-23.1896
-1.9612
2.10797
-23.3948
-1.9832
2.14912
-23.3116
1.62164
2.13419
-22.9483
1.60996
2.22599
-22.5919
1.42916
2.24186
-22.4819
1.42658
2.29038
-22.1367
1.48509
2.30117
-22.0211
1.49639
2.31074
-21.8962
1.51643
2.32287
-21.5487
1.56817
2.33558
-21.2054
1.45559
2.38254
-20.8784
1.4546
2.42591
-20.465
1.54642
2.14737
-20.4208
2.76065
1.78639
-20.2632
2.75155
1.50482
-20.1411
2.72083
1.50933
-20.3482
-1.68195
1.44242
-20.7626
-1.75668
1.42439
-20.8581
-1.75668
1.36812
-21.1587
-1.71145
1.26761
-21.4915
-1.99672
1.1243
-21.8046
-2.02745
0.987514
-22.0698
-1.98837
0.920504
-22.2202
-2.0068
0.79649
-22.4847
-1.9955
0.673081
-22.7597
-1.98419
0.511234
-23.1231
-2.00877
0.43539
-23.2806
-2.02462
0.3621
-23.4271
-2.04921
0.553382
-23.0785
-2.11939
0.673191
-22.8884
-2.16855
0.758751
-22.3892
1.26065
0.850135
-22.1102
1.2105
0.998493
-21.7931
1.17683
1.13261
-21.4669
1.20657
1.19035
-21.3069
1.23373
1.28698
-21.0224
1.32198
1.25745
-21.1363
1.31584
1.34537
-20.7983
1.3446
1.37781
-20.6559
1.3682
1.45391
-20.2852
1.40569
1.13594
-20.2555
3.06437
0.887887
-20.2338
3.07051
0.435107
-20.1925
3.07727
0.599208
-20.2007
3.08083
0.308628
-20.1719
2.97439
-0.0311434
-20.107
2.96727
-0.373418
-20.0361
2.9669
-0.711484
-19.9625
2.90544
-1.00037
-19.8856
2.865
-1.36602
-19.7716
2.82297
-1.50709
-19.7224
2.79839
-1.41944
-19.7535
2.80195
-1.73677
-19.6418
2.86144
-2.07151
-19.5462
2.88406
-2.41423
-19.4446
2.83133
-2.74195
-19.3323
2.81805
-3.0198
-19.2405
2.83293
-3.35135
-19.1246
2.78991
-3.69861
-18.9867
2.76434
-3.97074
-18.8663
2.72292
-4.20714
-18.9482
-2.03494
-4.33983
-19.2284
-1.90822
-4.35912
-19.5976
-1.61717
-4.35718
-19.473
-1.69571
-4.39343
-19.8245
-1.59001
-4.39456
-19.942
-1.5803
-4.29777
-20.2356
-1.3775
-4.1963
-20.6252
-1.22324
-4.15329
-20.7376
-1.19866
-4.05106
-21.0168
-1.24463
-4.04159
-21.392
-1.55645
-4.14009
-21.7392
-1.85402
-4.22443
-22.0708
-1.7434
-4.18652
-21.7448
1.58391
-4.18155
-21.3849
1.55577
-4.17411
-21.0155
1.53991
-4.15334
-20.6296
1.52406
-4.15624
-20.3333
1.69257
-4.20508
-20.0393
1.79667
-4.28825
-19.7022
1.79667
-4.31416
-19.5855
1.78696
-4.33777
-19.4732
1.76238
-4.39789
-19.1301
1.68151
-4.52386
-18.9532
2.91676
-4.88474
-18.8689
2.92192
-5.1832
-18.8076
2.99112
-5.52918
-18.7673
3.07261
-5.88666
-18.7444
3.09104
-5.7866
-19.115
-1.80694
-5.87023
-19.446
-1.76527
-5.92232
-19.7044
-1.76626
-5.99208
-20.0725
-1.76011
-6.05029
-20.3678
-1.77597
-6.12916
-20.7354
-1.7343
-6.17403
-21.0279
-1.71943
-6.23352
-21.3708
-1.78088
-6.3136
-21.7095
-1.82636
-6.4041
-22.0445
-1.77756
-6.41891
-22.112
-1.77142
-6.36139
-21.8562
-1.82058
-6.34511
-21.7971
-1.83902
-6.31703
-21.6978
-1.85131
-6.1527
-21.3632
-1.93993
-5.98414
-20.9362
1.41147
-5.92323
-20.5721
1.43507
-5.87931
-20.2117
1.50427
-5.9706
-19.842
1.79373
-6.03469
-19.5427
1.77013
-6.10607
-19.1983
1.785
-6.18268
-18.8583
1.81733
-6.26536
-18.5266
1.86354
-6.37011
-18.5358
3.10371
-6.52943
-18.632
-2.80079
-6.75321
-18.7097
-2.82795
-7.1964
-18.7308
-2.95996
-7.11504
-18.7152
-2.95381
-7.41824
-18.7689
-2.96094
-7.76163
-18.8243
-2.99007
-8.05945
-18.8606
-3.01822
-7.93235
-18.8454
-3.01207
-8.22641
-18.8794
-3.02178
-8.63145
-18.9363
-2.95
-8.99649
-18.9967
-2.96328
-9.05249
-19.0073
-2.95455
-9.37162
-19.0791
-2.88891
-9.68931
-19.1567
-2.91091
-9.56054
-19.1233
-2.88019
-9.80129
-19.1788
-2.92062
-9.55043
-19.0915
0.416272
-9.12017
-18.9261
0.357399
-9.0223
-18.8889
0.372271
-8.96533
-18.8657
0.372271
-8.59057
-18.7021
0.494813
-8.43656
-18.6199
0.488668
-8.38364
-18.592
0.488668
-8.12483
-18.4516
0.515831
-7.79279
-18.2536
0.586628
-7.76843
-18.2363
0.586628
-7.67772
-18.1776
0.564627
-7.3758
-18.0954
0.418732
-7.04941
-17.9433
0.453639
-6.8279
-17.8386
0.435203
-6.55652
-17.7061
0.498257
-6.25521
-17.5355
0.54189
-5.9475
-17.3645
0.510178
-5.64677
-17.1893
0.563522
-5.35048
-17.0086
0.55541
-5.03441
-16.859
0.315735
-5.45265
-16.8009
3.09891
-5.8381
-16.7787
3.05749
-6.12488
-16.6595
2.90804
-6.49643
-16.5739
2.94392
-6.84837
-16.565
3.00182
-7.14418
-16.5215
3.00341
-7.25782
-16.5031
2.96556
-7.65371
-16.4032
2.89439
-7.81804
-16.3635
2.91283
-8.11456
-16.3011
2.94872
-8.43636
-16.1643
2.79569
-8.73632
-16.0562
2.80184
-9.02153
-15.9629
2.85359
-9.30216
-15.8822
2.85359
-9.63525
-15.7766
2.81057
-9.96424
-15.6603
2.80442
-10.0722
-15.6232
2.80442
-10.2928
-15.5518
2.85002
-10.3707
-15.6589
-0.643094
-9.94439
-15.6556
-0.105729
-9.63914
-15.6784
-0.0549666
-9.29
-15.7028
-0.0954036
-8.94374
-15.7429
-0.106097
-8.59834
-15.773
-0.0491896
-8.48589
-15.7775
-0.0404626
-8.13587
-15.7896
-0.0220256
-8.02571
-15.791
-0.0194446
-7.56443
-15.7933
0.0241884
-7.73211
-15.7991
0.0277524
-7.383
-15.7933
0.0170594
-7.03739
-15.7899
0.0196414
-6.83536
-15.596
1.52234
-6.83284
-15.5184
1.52849
-6.81669
-15.1775
1.52849
-6.8236
-15.3202
1.51878
-6.81062
-14.9496
1.52234
-6.78865
-14.6591
1.49936
-7.14592
-14.5881
2.87239
-7.42716
-14.5134
2.86071
-7.7548
-14.3919
2.79569
-8.09295
-14.2794
2.86231
-8.42268
-14.188
2.87718
-8.08004
-14.18
-0.10918
-7.75399
-14.3088
-0.255075
-7.64996
-14.335
-0.24893
-7.23668
-14.3956
-0.280641
-7.34637
-14.3654
-0.26835
-6.92966
-14.494
-0.333369
-6.8799
-14.5117
-0.333369
-6.77441
-14.5491
-0.343079
-6.68551
-14.3847
1.60554
-6.6906
-14.0717
1.54827
-6.62687
-13.7282
1.51238
-6.5976
-13.3314
1.49652
-6.58848
-13.0921
1.56314
-6.59219
-13.3148
1.53241
-6.58597
-12.9145
1.56375
-6.5831
-12.8089
1.52332
-6.54095
-12.5175
1.41626
-6.48931
-12.1691
1.43728
-6.47582
-12.0606
1.45215
-6.4515
-11.7671
1.5388
-6.45802
-11.9815
1.50291
-6.43464
-11.6383
1.46924
-6.31297
-11.2549
1.35247
-6.2371
-10.9151
1.35247
-6.17576
-10.5745
1.4637
-6.15828
-10.337
1.51545
-6.1732
-10.568
1.48472
-6.14521
-10.064
1.5801
-6.04878
-9.67668
1.4449
-6.01149
-9.3435
1.49923
-5.99418
-9.043
1.54286
-6.31035
-8.9699
3.00193
-6.40311
-8.957
3.01582
-6.69902
-8.91514
2.99025
-6.64246
-8.92324
2.9964
-6.98734
-8.86508
2.96309
-6.60585
-8.85344
0.0900584
-6.31635
-8.83695
0.0547824
-5.97075
-8.82585
0.0292174
-5.55829
-8.82588
0.0230714
-5.63765
-8.53912
1.43961
-5.59643
-8.19636
1.46936
-5.56707
-7.85225
1.50783
-5.55732
-7.68526
1.51655
-5.78295
-7.59067
2.9546
-6.11991
-7.52273
2.95977
-6.45631
-7.4655
2.99922
-6.75088
-7.42381
2.99209
-6.86861
-7.40579
2.97365
-7.21038
-7.3398
2.97169
-7.50443
-7.29145
3.02921
-7.2668
-7.31294
2.98656
-7.61087
-7.25137
2.94575
-7.82986
-7.20868
2.88983
-7.83683
-6.90557
1.89131
-7.82189
-6.94794
1.90101
-7.93558
-6.59821
1.87643
-8.03438
-6.28476
1.87545
-7.8627
-6.31041
-0.870251
-7.75048
-6.44577
-0.897414
-7.5369
-6.71697
-0.910689
-7.35123
-6.95837
-0.832149
-7.23596
-7.08561
-0.826003
-6.96128
-7.27145
-0.112508
-6.71988
-7.29943
-0.1012
-6.37186
-7.33912
-0.0873116
-6.01685
-7.37146
-0.0575666
-5.84796
-7.37981
-0.0365496
-5.83569
-7.16697
1.23803
-5.7169
-6.82028
1.23705
-5.60676
-6.4794
1.28523
-5.53304
-6.19808
1.32112
-5.45415
-5.86082
1.35701
-5.38106
-5.52001
1.37446
-5.33147
-5.23304
1.44624
-5.29558
-4.88269
1.48828
-5.27598
-4.53692
1.52158
-5.2652
-4.19162
1.55489
-5.24775
-3.84183
1.42645
-5.13817
-3.51011
1.39831
-5.07973
-3.17013
1.40961
-5.03609
-2.87502
1.4455
-4.99804
-2.53023
1.51888
-4.97576
-2.1832
1.53793
-4.97246
-1.88601
1.56251
-4.9771
-1.50986
1.59582
-4.98032
-1.39175
1.6091
-5.19495
-1.5079
2.98471
-5.5719
-1.44283
2.97401
-5.89494
-1.33958
2.7851
-6.21764
-1.22199
2.79641
-6.32907
-1.1835
2.81743
-6.6106
-1.09187
2.82259
-6.48228
-1.13106
-0.317282
-6.10257
-1.262
-0.348009
-5.75371
-1.38938
-0.33412
-5.35883
-1.53948
-0.349361
-5.07772
-1.64711
-0.359071
-4.75842
-1.76707
-0.350344
-4.71468
-1.38757
1.33968
-4.61442
-1.07331
1.2277
-4.48975
-0.744937
1.19698
-4.36308
-0.415576
1.26458
-4.32804
-0.0639209
1.36967
-4.25101
0.2743
1.32665
-4.20741
0.441103
1.31694
-4.12968
0.727346
1.31952
-4.0437
1.06969
1.3457
-3.96598
1.40521
1.35443
-3.93912
1.51811
1.33857
-3.84647
1.87811
1.31043
-3.75448
2.21604
1.31559
-3.6632
2.53359
1.2926
-3.55113
2.89169
1.25831
-3.48663
3.08753
1.25217
-3.38095
3.41669
1.27576
-3.25652
3.79777
1.24147
-3.34148
3.4342
-1.83744
-3.35803
3.37103
-1.83744
-3.45934
3.02416
-1.85071
-3.49074
2.91451
-1.85071
-3.58203
2.59254
-1.8045
-3.67871
2.21036
-1.82392
-3.70801
2.10031
-1.84235
-3.68022
2.20447
-1.83006
-3.7881
1.82192
-1.84334
-3.87056
1.53223
-1.83203
-3.95919
1.20161
-1.83043
-4.05684
0.867901
-1.87087
-4.18445
0.476948
-1.87185
-4.23374
0.316745
-1.8544
-3.61189
0.275143
-0.112631
-3.89441
0.311017
-0.136229
-3.27527
0.297267
-0.22325
-3.16347
0.269464
-0.251396
-2.87876
0.190418
-0.268235
-2.54735
0.0971102
-0.236893
-2.2028
0.0174759
-0.222021
-2.06603
-0.0145314
-0.240457
-1.73045
-0.107364
-0.275733
-1.66984
-0.124339
-0.267006
-1.31194
-0.225556
-0.253117
-1.22647
-0.248059
-0.246971
-0.93489
-0.318812
-0.226937
-0.601203
-0.407621
-0.279665
-0.266523
-0.512382
-0.296504
-0.156942
-0.545506
-0.302649
0.17461
-0.649011
-0.273887
0.34813
-0.701249
-0.295888
0.679612
-0.814581
-0.348617
1.00274
-0.935871
-0.353164
1.33033
-1.05522
-0.335711
1.43833
-1.09292
-0.339275
1.44695
-0.736593
1.35013
1.53272
-0.406102
1.32714
1.62291
-0.0705418
1.34619
1.70409
0.269719
1.3103
1.80097
0.606361
1.28216
1.91259
0.964631
1.32837
1.97052
1.21629
1.38528
2.03239
1.53646
1.36426
2.05447
1.6413
1.36426
2.12289
1.92994
1.36229
2.16347
2.1254
1.40077
2.05324
1.77791
-1.89815
1.92625
1.43941
-1.9011
1.82073
1.16468
-1.95997
1.67818
0.827087
-1.96612
1.7472
0.499535
-1.5159
1.75754
0.146869
-1.56863
1.75294
-0.206605
-1.63524
1.73649
-0.366875
-1.67826
1.71018
-0.707484
-1.80056
1.53352
-1.01415
-2.02278
1.37567
-1.3199
-2.07551
1.19506
-1.62826
-2.10722
0.989521
-1.49176
2.56632
0.75069
-1.3271
2.55305
0.445956
-1.10714
2.48901
0.312157
-1.00227
2.47058
0.0412188
-0.778048
2.43628
-0.221765
-0.554789
2.46861
-0.460348
-0.369544
2.54494
-0.763125
-0.290616
2.77539
-1.09151
-0.169832
2.83685
-1.43518
-0.09262
3.05194
-1.7932
-0.0934079
-3.10931
-1.88852
-0.290826
-2.32367
-2.09377
-0.500947
-2.36411
-2.42555
-0.81093
-2.34506
-2.46699
-0.853639
-2.33375
-2.67279
-1.06033
-2.36288
-2.93285
-1.30253
-2.41917
-3.2087
-1.54667
-2.39041
-3.43239
-1.74213
-2.44929
-3.70147
-1.95908
-2.4923
-3.83813
-2.06346
-2.46871
-4.12
-2.28885
-2.47227
-4.20924
-2.35909
-2.46969
-4.48138
-2.57805
-2.45838
-4.62474
-2.81628
-1.73481
-4.61307
-2.74614
-1.73481
-4.67698
-3.10571
-1.75423
-4.74191
-3.45168
-1.71674
-4.78954
-3.79237
-1.66954
-4.82348
-4.13672
-1.65823
-4.83192
-4.24139
-1.66438
-4.87374
-4.59604
-1.6838
-4.83865
-4.2487
-1.6618
-4.8837
-4.65435
-1.68122
-4.89503
-4.76484
-1.67864
-4.93298
-5.11124
-1.65504
-4.96996
-5.46004
-1.65184
-4.99828
-5.75741
-1.68613
-5.19941
-6.02538
-2.03028
-5.30204
-6.35439
-1.98051
-5.36619
-6.50634
-1.97436
-5.49199
-6.79847
-1.95789
-5.6188
-7.1044
-1.95273
-5.76124
-7.45142
-1.95728
-5.89731
-7.77401
-1.97411
-5.96681
-7.93706
-1.9864
-6.09077
-8.20512
-2.00841
-6.12848
-8.54405
-1.50804
-6.11582
-8.90702
-1.55818
-6.13991
-9.24902
-1.73063
-6.2628
-9.59578
-1.8131
-6.34289
-9.90535
-1.80376
-6.43363
-10.2524
-1.84162
-6.55487
-10.6894
-1.86878
-6.47337
-10.4055
-1.8442
-6.57335
-10.7453
-1.87492
-6.66879
-11.0307
-1.87173
-6.78046
-11.3594
-1.89828
-6.89425
-11.6878
-1.92544
-6.99846
-11.9617
-1.94744
-7.12906
-12.2865
-1.96428
-7.2792
-12.6252
-2.01086
-7.31831
-12.7089
-2.01086
-7.44701
-12.9719
-2.01701
-7.36258
-13.4838
-1.47559
-7.38905
-13.2334
-1.47719
-7.36178
-13.5944
-1.47301
-7.35071
-13.6997
-1.47042
-7.31323
-14.0554
-1.48788
-7.28834
-14.4061
-1.50115
-7.26641
-14.7482
-1.50828
-7.24765
-15.0978
-1.50054
-7.22936
-15.4445
-1.49734
-7.20761
-15.7949
-1.52549
-7.20195
-15.9102
-1.53163
-7.197
-16.2022
-1.60083
-7.21548
-16.5537
-1.62996
-7.24021
-16.8502
-1.65909
-7.27639
-17.1952
-1.69953
-7.32857
-17.5434
-1.73997
-7.38317
-17.8295
-1.76811
-7.451
-18.1702
-1.76037
-7.16112
-18.3332
-0.11534
-6.87184
-18.367
-0.0988689
-6.7717
-18.3772
-0.11116
-6.444
-18.452
-0.290364
-6.10952
-18.555
-0.288766
-5.77601
-18.647
-0.247714
-5.44462
-18.7389
-0.300442
-5.0633
-18.8705
-0.361897
-4.9533
-18.9125
-0.362881
-4.6259
-19.0459
-0.397172
-4.40109
-19.1395
-0.394591
-4.63293
-19.0456
-0.397172
-4.15381
-19.2526
-0.410447
-3.84202
-19.3909
-0.423722
-3.51989
-19.5268
-0.301795
-3.18908
-19.6354
-0.307326
-2.85844
-19.7519
-0.374927
-2.58649
-19.8623
-0.390782
-2.26949
-19.9974
-0.439946
-2.15636
-20.0504
-0.472272
-2.12465
-20.0037
-0.0426989
-1.82509
-20.0253
-0.0333579
-1.48822
-20.0414
-0.0343409
-1.10955
-20.0612
-0.0634709
-0.913747
-20.0767
-0.140782
-0.62613
-20.1923
-0.194493
-0.178022
-20.2999
-0.336209
-0.509227
-20.1971
-0.194493
-0.224324
-20.2619
-0.283481
0.0858672
-20.4412
-0.433554
0.395343
-20.5941
-0.49501
0.851065
-20.853
-0.504719
0.496139
-20.6535
-0.502138
0.802594
-20.8229
-0.514429
1.14669
-20.9082
-0.263445
0.986018
-20.8653
-0.358824
1.36438
-20.9909
-0.254718
1.70267
-21.07
-0.200392
1.98932
-21.1346
-0.246975
2.10227
-21.1615
-0.219811
2.39296
-21.2358
-0.283232
2.70435
-21.3966
-0.351817
3.02897
-21.522
-0.379964
3.35191
-21.6521
-0.374802
3.6665
-21.7855
-0.418804
4.03567
-21.9655
-0.483823
4.19662
-22.0522
-0.50226
4.56351
-22.2608
-0.507791
4.84263
-22.4284
-0.557939
5.29512
-22.6297
-0.45961
5.14194
-22.5545
-0.513937
5.4555
-22.7178
-0.493902
5.82142
-22.9235
-0.525613
6.11706
-23.0983
-0.504595
6.45879
-23.2035
-0.42667
6.77125
-23.3578
-0.475834
7.04811
-23.4573
-0.308306
7.2068
-23.5068
-0.278562
7.31574
-23.5369
-0.269835
7.65183
-23.6364
-0.29282
7.93267
-23.7306
-0.341984
8.25728
-23.85
-0.361404
8.58533
-23.9708
-0.356242
8.7484
-23.937
1.40593
8.8064
-23.5968
1.40236
8.86697
-23.2665
1.42498
8.88291
-23.1624
1.42756
9.03781
-22.7647
1.19207
9.116
-22.5808
1.13774
9.29004
-22.2237
1.12705
9.43591
-21.9132
1.18555
9.56899
-21.5892
1.17326
9.63778
-21.4211
1.17941
9.75095
-21.1464
1.2046
9.88349
-20.8236
1.17289
10.0044
-20.5471
1.15445
10.1413
-20.2299
1.16675
10.2772
-19.9129
1.20423
10.4683
-19.4349
1.17867
10.5137
-19.3262
1.18125
10.6454
-19.0051
1.18998
10.7499
-18.7315
1.2223
10.963
-18.1761
1.22648
10.8447
-18.516
1.22746
11.0255
-18.0293
1.22648
10.8551
-18.5116
1.23004
11.0728
-17.9088
1.2475
11.0344
-18.0228
1.23521
11.155
-17.6584
1.27368
11.2812
-17.2555
1.25782
11.3062
-17.1826
1.24811
11.429
-16.8093
1.27429
11.5136
-16.5186
1.31018
11.6036
-16.1871
1.31534
11.625
-16.1069
1.3092
11.7099
-15.7672
1.33378
11.7853
-15.428
1.37582
11.8495
-15.1368
1.37385
11.8823
-14.9733
1.36156
11.9498
-14.6857
1.33698
12.0336
-14.3454
1.3237
12.1211
-14.0124
1.34275
12.2002
-13.6726
1.36021
12.2762
-13.3346
1.34435
12.3579
-13.0013
1.32235
12.4451
-12.6638
1.33009
12.5279
-12.3237
1.34497
12.6106
-11.9857
1.343
12.6954
-11.6479
1.321
12.7757
-11.3311
1.33231
12.8585
-10.9923
1.34263
12.9392
-10.6761
1.32936
13.0304
-10.3052
1.32678
13.0702
-10.1392
1.33808
13.2425
-9.46676
1.3859
13.1747
-9.84392
1.37201
13.2647
-9.41139
1.39819
13.2853
-9.29601
1.3859
13.3207
-9.11805
1.37004
13.3969
-8.78239
1.32088
13.4823
-8.4434
1.34091
13.3405
-8.15148
2.19158
13.1425
-7.86753
2.20805
12.947
-7.59203
2.19539
12.8323
-7.24681
1.90556
12.7113
-6.92142
1.95374
12.5771
-6.6
2.00094
12.5087
-6.44778
1.99025
12.4294
-6.15882
1.82076
12.3458
-5.8195
1.84337
12.2485
-5.48674
1.88184
12.1411
-5.1548
1.91417
12.0118
-4.7993
1.96653
11.8902
-4.51204
1.99885
11.9256
-4.5893
1.99013
11.7932
-4.29224
2.04249
11.6219
-3.963
2.08968
11.4328
-3.64938
2.13786
11.0966
-3.55662
2.69354
10.6085
-3.34633
2.78118
10.8318
-3.43209
2.73914
10.3342
-3.23067
2.74136
10.6953
-3.39716
2.77503
10.1651
-3.18073
2.72648
10.0646
-3.13644
2.72906
9.74999
-2.99117
2.71936
9.47072
-2.87743
2.80085
9.19013
-2.78688
2.85775
8.85922
-2.68512
2.81178
8.55813
-2.49519
2.69502
8.28982
-2.37559
2.76164
8.1891
-2.33595
2.77393
7.90985
-2.22934
2.78782
7.56097
-2.09497
2.7684
7.45096
-2.05157
2.76225
7.12775
-1.92468
2.79814
6.81945
-1.82035
2.83305
6.66022
-1.75993
2.72501
6.35898
-1.62344
2.7153
5.97022
-1.45298
2.77835
5.70814
-1.35817
2.80453
5.38534
-1.23653
2.7518
5.4901
-1.27807
2.77639
5.16834
-1.14805
2.76668
4.89253
-1.04512
2.81388
4.56861
-0.914737
2.74013
4.4471
-0.862577
2.7314
4.11551
-0.731412
2.8022
3.7752
-0.616159
2.85038
3.60312
-0.567282
2.88627
3.31747
-0.490846
2.87041
3.09099
-0.525808
-1.98344
2.91395
-0.928105
-1.96697
2.874
-1.02457
-1.97054
2.74208
-1.30477
-2.00581
2.56497
-1.68175
-2.0417
2.42582
-1.94229
-2.07243
2.27785
-2.20414
-2.05338
2.08964
-2.55393
-2.06051
2.04282
-2.63881
-2.05534
1.86748
-2.95617
-2.07833
1.68852
-3.2633
-2.10389
1.47716
-3.33007
2.53708
1.16221
-3.13179
2.67683
1.05331
-3.08172
2.75377
0.780585
-2.96207
2.71334
0.48702
-2.81406
2.64832
0.176434
-2.64668
2.64217
0.259728
-2.75299
-0.44571
0.351062
-2.79795
-0.448291
0.667028
-2.94597
-0.406256
0.978682
-3.08334
-0.419531
1.14123
-3.15762
-0.410804
1.46418
-3.29116
-0.362623
1.7898
-3.41264
-0.33546
2.11788
-3.54012
-0.440917
2.38806
-3.66406
-0.417319
2.73511
-3.81539
-0.38401
3.08235
-3.96712
-0.418301
3.02569
-4.16011
-2.02191
2.86533
-4.47399
-2.0798
2.68863
-4.77034
-2.09148
2.50958
-5.06701
-2.07857
2.48056
-5.11971
-2.07857
2.32921
-5.37789
-2.13646
2.03865
-5.23264
2.69699
1.76929
-5.11261
2.77492
1.40871
-4.98142
2.8011
1.38039
-4.97163
2.79237
1.0501
-4.84409
2.76422
0.832819
-4.91625
-2.92285
0.480266
-4.99744
-2.92383
0.188267
-5.05749
-2.93968
-0.118835
-5.03899
2.73927
-0.191597
-5.00969
2.76029
-0.515158
-4.88106
2.75415
-0.787092
-4.76669
2.72956
-0.917498
-4.70963
2.726
-1.02024
-4.72424
-2.3979
-1.19449
-4.9954
-2.26564
-1.42903
-5.26854
-2.30866
-1.63633
-5.49375
-2.26245
-2.0031
-5.61784
-2.77585
-2.28686
-5.72692
-2.77585
-2.27456
-5.77086
0.566709
-2.00722
-5.52623
0.663685
-1.81671
-5.38064
0.650411
-1.57238
-5.20534
0.627427
-1.24487
-4.973
0.662334
-0.915086
-4.73026
0.607024
-0.767249
-4.74586
-0.229136
-0.407354
-4.83159
-0.241427
-0.0634287
-4.92493
-0.272155
0.223796
-5.00464
-0.269573
0.32821
-5.03342
-0.273137
0.612861
-5.12383
-0.304849
0.694701
-5.36049
-2.09713
0.506977
-5.68256
-2.11298
0.340074
-5.94263
-2.15957
0.171495
-6.18638
-2.17284
-0.0907857
-6.53206
-2.27375
-0.0266516
-6.45449
-2.25531
-0.0509269
-6.78238
-1.65662
-0.284874
-7.13694
-2.10463
-0.444458
-7.40775
-2.10819
-0.606524
-7.67108
-2.12146
-0.794484
-7.96642
-2.15576
-0.963621
-8.21072
-2.17776
-1.03664
-8.31585
-2.17518
-1.26837
-8.64267
-2.18845
-1.37158
-8.9617
-1.88216
-1.48592
-9.29618
-1.91387
-1.63202
-9.60503
-2.04034
-1.79484
-9.90749
-2.08951
-1.97727
-10.2163
-2.10893
-2.1912
-10.5259
-2.32795
-2.44012
-10.8228
-2.22963
-2.68661
-11.1671
-2.04882
-2.75179
-11.5044
-1.92948
-2.87279
-11.837
-1.94533
-3.00615
-12.1061
-2.02879
-3.18017
-12.4461
-2.04464
-3.15261
-12.3937
-2.04464
-3.20577
-12.4974
-2.0385
-3.3813
-12.8501
-2.02719
-3.53771
-13.1595
-2.00716
-3.70484
-13.5071
-2.01945
-3.95748
-13.6129
3.05786
-4.3188
-13.5824
3.05331
-4.59261
-13.4919
2.41123
-4.83167
-13.2651
2.38923
-5.12754
-13.0006
2.48817
-5.38853
-12.8037
2.54409
-5.67643
-12.602
2.49493
-5.9539
-12.3998
2.50107
-5.56819
-12.5731
-0.413136
-5.257
-12.7212
-0.431941
-4.93896
-12.9376
-0.761218
-4.78224
-13.1071
-0.855982
-4.5509
-13.3734
-0.833366
-4.32164
-13.638
-0.873803
-4.11669
-13.9008
-0.916822
-3.86085
-14.2358
-0.920386
-4.01363
-14.3972
-2.24303
-4.19714
-14.6079
-2.3019
-4.42869
-14.8588
-2.289
-4.58877
-15.0397
-2.27867
-4.81627
-15.3027
-2.29711
-4.94117
-15.1788
2.53733
-5.27565
-14.952
2.56449
-5.519
-14.7996
2.61427
-5.82372
-14.6183
2.59485
-5.91189
-14.5629
2.59387
-6.24062
-14.3527
2.57346
-6.52798
-14.1668
2.58993
-6.18799
-14.3696
2.57961
-6.83398
-13.935
2.54335
-7.14781
-13.7305
2.59153
-7.43681
-13.5682
2.66331
-7.77389
-13.3884
2.62287
-7.93273
-13.2995
2.63775
-7.97274
-13.1027
1.29397
-7.87282
-12.747
1.37865
-7.79651
-12.4469
1.26189
-7.97202
-12.9906
1.32986
-7.72997
-12.2321
1.2732
-7.68012
-12.0705
1.2732
-7.58098
-11.7609
1.26963
-7.4729
-11.401
1.33268
-7.3835
-11.0324
1.39279
-7.27103
-10.6267
1.26275
-7.18074
-10.3626
1.18544
-7.06721
-10.0914
1.167
-6.99238
-9.9254
1.14918
-6.84478
-9.60973
1.0919
-6.56467
-9.2541
0.975139
-6.38944
-9.0089
0.938265
-6.18418
-8.72924
0.955718
-6.01535
-8.4819
0.997754
-5.79481
-8.14541
1.00291
-5.56813
-7.80397
1.00451
-5.50086
-7.69576
1.02553
-5.32487
-7.39937
1.07015
-5.15396
-7.08984
1.07789
-5.24204
-7.26122
-2.03593
-5.42608
-7.61031
-2.0728
-5.59159
-7.90692
-2.03888
-5.74754
-8.22179
-2.0363
-5.89829
-8.51264
-2.06186
-6.06637
-8.81777
-2.09517
-6.18072
-9.01913
-2.09259
-6.35883
-9.31593
-2.08939
-6.54187
-9.61707
-2.12467
-6.70093
-9.86487
-2.179
-6.83562
-10.0524
-2.20714
-7.04601
-10.3318
-2.1978
-7.25443
-10.6107
-2.21722
-7.43597
-10.8424
-2.24795
-7.65364
-11.1121
-2.24893
-7.87573
-11.3809
-2.2509
-8.0678
-11.604
-2.2949
-8.17982
-11.7313
-2.29232
-8.37524
-11.9525
-2.28716
-8.59594
-12.2169
-2.25225
-8.4671
-12.4771
-0.71747
-8.39092
-12.5426
-0.750779
-8.13912
-12.7767
-0.722017
-7.84957
-13.026
-0.659948
-7.56918
-13.2386
-0.642495
-7.29451
-13.4502
-0.676786
-7.02651
-13.6675
-0.674205
-6.79103
-13.8491
-0.578826
-6.50241
-14.0442
-0.589519
-6.20824
-14.2504
-0.626392
-5.91686
-14.4543
-0.607956
-5.6352
-14.6539
-0.617665
-5.34815
-14.8625
-0.639666
-5.07419
-15.0578
-0.560143
-4.81206
-14.9939
1.13086
-4.60833
-14.5855
1.10074
-4.54919
-14.496
0.989141
-4.34277
-14.1674
1.03732
-4.15131
-13.8463
1.04347
-4.00119
-13.5903
1.07223
-3.94596
-13.49
1.0871
-3.41882
-12.6721
0.93924
-3.817
-13.2253
1.1343
-3.6454
-12.9248
0.946369
-3.36339
-12.5399
0.93666
-3.30478
-12.4604
0.939241
-3.09707
-12.1837
0.941823
-2.91522
-11.8844
1.16724
-2.77161
-11.5715
1.13197
-2.56694
-11.2242
0.987055
-2.43251
-11.0162
1.0168
-2.22618
-10.6798
1.03425
-2.07615
-10.4202
1.07272
-1.9363
-10.1602
1.09989
-1.75343
-9.80449
1.10505
-1.62733
-9.54193
1.1681
-1.45239
-9.2064
0.972059
-1.21897
-8.91484
0.886022
-0.976345
-8.61979
0.903475
-0.790728
-8.38695
0.906056
-0.552059
-8.07446
0.956818
-0.383891
-7.83488
0.93027
-0.319433
-7.74937
0.881106
-0.0910417
-7.48152
0.868815
0.132355
-7.21338
0.904704
0.341684
-6.94018
0.949321
0.508888
-6.70155
0.975501
0.716376
-6.41224
0.944773
1.25591
-5.67075
0.879385
0.843575
-6.22478
0.981647
1.03322
-5.93105
1.01655
1.4004
-5.48667
0.89942
1.18359
-5.76259
0.89942
1.43645
-5.44181
0.89942
1.54476
-5.30496
0.89942
1.72911
-5.07438
0.923019
1.93263
-4.79336
0.988653
2.1196
-4.50079
1.01225
2.29787
-4.2032
1.06658
2.46705
-3.92503
0.938136
2.74222
-3.60502
0.827517
2.96607
-3.36191
0.848535
3.03924
-3.27551
0.870536
3.2171
-3.00026
1.07039
3.34364
-2.77624
0.999223
3.50457
-2.52035
1.02798
3.59644
-2.36499
1.05416
3.76204
-2.08172
1.07936
3.70525
-2.18722
1.07678
3.90442
-1.95791
0.982631
4.13458
-1.60732
1.0211
4.31817
-1.30637
1.04212
4.46067
-1.05274
1.10775
4.5042
-0.962064
1.13492
4.78961
-1.19242
-0.631792
5.1049
-1.42958
-0.633758
5.21356
-1.50735
-0.639904
5.57442
-1.7761
-0.634742
5.11136
-1.4451
-0.633758
5.60581
-1.81122
-0.643468
